Hello, World!
mtest
8
9
10
11
12
13
14
15
16
17
18
19
20
21
22
23
40
41
42
43
44
45
46
47
48
49
50
51
52
53
54
55
71
72
73
74
75
76
77
78
79
80
81
82
83
84
85
86

ytest
0
0.998334166468282
1.98669330795061
2.9552020666134
3.89418342308651
4.79425538604203
5.64642473395035
6.44217687237691
0
0
0
0
0
0
0
0
0
0
0
0
0
0
0
0
6.75463180551151
5.98472144103957
5.15501371821464
4.2737988023383
3.34988150155905
2.39249329213982
1.41120008059867
0.415806624332905
-0.583741434275801
-1.57745694143248
-2.55541102026831
-3.5078322768962
-4.42520443294852
-5.29836140908493
-6.11857890942719
-6.87766159183974
0
0
0
0
0
0
0
0
0
0
0
0
0
0
0
0
-6.31266637872322
-5.50685542597638
-4.64602179413757
-3.73876664830236
-2.79415498198926
-1.82162504272096
-0.830894028174964
0.168139004843497
1.16549204850494
2.15119988087816
3.11541363513378
4.04849920616598
4.94113351138608
5.784397643882
6.56986598718789
0
0
0
0
0
0
0
0
0
0
0
0
0
0
0
0
6.62969230082183
5.84917192891762
5.01020856457885
4.12118485241757
3.19098362349352
2.22889914100248
1.24454423507062
0.247754254533578
-0.751511204618093
-1.7432678122298
-2.71760626410942
-3.66479129251928
-4.57535893775321

ztest
7.17271013263283
7.83115562592304
8.41060849947717
8.90585329688056
9.31188970802223
9.62516343560887
9.84258643892979
9.96227330655393
9.98305599391184
9.90472570217561
9.72804210965792
9.45448075687493
9.08673677176236
8.62797776092135
8.0828420286516
7.45619697438014
-7.56716845813552
-8.18064669020074
-8.71163795343821
-9.15541798191176
-9.50749713276991
-9.76486572040997
-9.92498882188202
-9.98655736007272
-9.94897716008957
-9.8126257814644
-9.57883582551801
-9.24965751658326
-8.82833626035007
-8.31858097410819
-7.72553589607255
-7.05455466464564
7.28883768012989
7.93456127481089
8.5002581167758
8.98085240614939
9.37148917464846
9.66876974987275
9.86976432916405
9.97275284705025
9.97673214595124
9.88166224677614
9.68846811647609
9.39879134179453
9.01548649366697
8.54187820412433
7.98275212753958
7.34311742068423

xtest
0
0.998334166468282
1.98669330795061
2.9552020666134
3.89418342308651
4.79425538604203
5.64642473395035
6.44217687237691
7.17271013263283
7.83115562592304
8.41060849947717
8.90585329688056
9.31188970802223
9.62516343560887
9.84258643892979
9.96227330655393
9.98305599391184
9.90472570217561
9.72804210965792
9.45448075687493
9.08673677176236
8.62797776092135
8.0828420286516
7.45619697438014
6.75463180551151
5.98472144103957
5.15501371821464
4.2737988023383
3.34988150155905
2.39249329213982
1.41120008059867
0.415806624332905
-0.583741434275801
-1.57745694143248
-2.55541102026831
-3.5078322768962
-4.42520443294852
-5.29836140908493
-6.11857890942719
-6.87766159183974
-7.56716845813552
-8.18064669020074
-8.71163795343821
-9.15541798191176
-9.50749713276991
-9.76486572040997
-9.92498882188202
-9.98655736007272
-9.94897716008957
-9.8126257814644
-9.57883582551801
-9.24965751658326
-8.82833626035007
-8.31858097410819
-7.72553589607255
-7.05455466464564
-6.31266637872322
-5.50685542597638
-4.64602179413757
-3.73876664830236
-2.79415498198926
-1.82162504272096
-0.830894028174964
0.168139004843497
1.16549204850494
2.15119988087816
3.11541363513378
4.04849920616598
4.94113351138608
5.784397643882
6.56986598718789
7.28883768012989
7.93456127481089
8.5002581167758
8.98085240614939
9.37148917464846
9.66876974987275
9.86976432916405
9.97275284705025
9.97673214595124
9.88166224677614
9.68846811647609
9.39879134179453
9.01548649366697
8.54187820412433
7.98275212753958
7.34311742068423
6.62969230082183
5.84917192891762
5.01020856457885
4.12118485241757
3.19098362349352
2.22889914100248
1.24454423507062
0.247754254533578
-0.751511204618093
-1.7432678122298
-2.71760626410942
-3.66479129251928
-4.57535893775321

Sum of squared error = 0.00326804653892334.
Squared norm of diff vector = 0.00326804653892334.

