0 0 0
0.1 0.998334166468282 0.998334166468282
0.2 1.98669330795061 1.98669330795061
0.3 2.9552020666134 2.9552020666134
0.4 3.89418342308651 3.89418342308651
0.5 4.79425538604203 4.79425538604203
0.6 5.64642473395035 5.64642473395035
0.7 6.44217687237691 6.44217687237691
0.8 0 7.17271013263283
0.9 0 7.83115562592304
1 0 8.41060849947717
1.1 0 8.90585329688056
1.2 0 9.31188970802223
1.3 0 9.62516343560887
1.4 0 9.84258643892979
1.5 0 9.96227330655393
1.6 0 9.98305599391184
1.7 0 9.90472570217561
1.8 0 9.72804210965792
1.9 0 9.45448075687493
2 0 9.08673677176236
2.1 0 8.62797776092135
2.2 0 8.0828420286516
2.3 0 7.45619697438014
2.4 6.75463180551151 6.75463180551151
2.5 5.98472144103957 5.98472144103957
2.6 5.15501371821464 5.15501371821464
2.7 4.2737988023383 4.2737988023383
2.8 3.34988150155905 3.34988150155905
2.9 2.39249329213982 2.39249329213982
3 1.41120008059867 1.41120008059867
3.1 0.415806624332905 0.415806624332905
3.2 -0.583741434275801 -0.583741434275801
3.3 -1.57745694143248 -1.57745694143248
3.4 -2.55541102026831 -2.55541102026831
3.5 -3.5078322768962 -3.5078322768962
3.6 -4.42520443294852 -4.42520443294852
3.7 -5.29836140908493 -5.29836140908493
3.8 -6.11857890942719 -6.11857890942719
3.9 -6.87766159183974 -6.87766159183974
4 0 -7.56716845813552
4.1 0 -8.18064669020074
4.2 0 -8.71163795343821
4.3 0 -9.15541798191176
4.4 0 -9.50749713276991
4.5 0 -9.76486572040997
4.6 0 -9.92498882188202
4.7 0 -9.98655736007272
4.8 0 -9.94897716008957
4.9 0 -9.8126257814644
5 0 -9.57883582551801
5.1 0 -9.24965751658326
5.2 0 -8.82833626035007
5.3 0 -8.31858097410819
5.4 0 -7.72553589607255
5.5 0 -7.05455466464564
5.6 -6.31266637872322 -6.31266637872322
5.7 -5.50685542597638 -5.50685542597638
5.8 -4.64602179413757 -4.64602179413757
5.9 -3.73876664830236 -3.73876664830236
6 -2.79415498198926 -2.79415498198926
6.1 -1.82162504272096 -1.82162504272096
6.2 -0.830894028174964 -0.830894028174964
6.3 0.168139004843497 0.168139004843497
6.4 1.16549204850494 1.16549204850494
6.5 2.15119988087816 2.15119988087816
6.6 3.11541363513378 3.11541363513378
6.7 4.04849920616598 4.04849920616598
6.8 4.94113351138608 4.94113351138608
6.9 5.784397643882 5.784397643882
7 6.56986598718789 6.56986598718789
7.1 0 7.28883768012989
7.2 0 7.93456127481089
7.3 0 8.5002581167758
7.4 0 8.98085240614939
7.5 0 9.37148917464846
7.6 0 9.66876974987275
7.7 0 9.86976432916405
7.8 0 9.97275284705025
7.9 0 9.97673214595124
8 0 9.88166224677614
8.1 0 9.68846811647609
8.2 0 9.39879134179453
8.3 0 9.01548649366697
8.4 0 8.54187820412433
8.5 0 7.98275212753958
8.6 0 7.34311742068423
8.7 6.62969230082183 6.62969230082183
8.8 5.84917192891762 5.84917192891762
8.9 5.01020856457885 5.01020856457885
9 4.12118485241757 4.12118485241757
9.1 3.19098362349352 3.19098362349352
9.2 2.22889914100248 2.22889914100248
9.3 1.24454423507062 1.24454423507062
9.4 0.247754254533578 0.247754254533578
9.5 -0.751511204618093 -0.751511204618093
9.6 -1.7432678122298 -1.7432678122298
9.7 -2.71760626410942 -2.71760626410942
9.8 -3.66479129251928 -3.66479129251928
9.9 -4.57535893775321 -4.57535893775321
