0 1 0 1 0 1, -0.847220300637599
1 0.54030230586814 0.09 0.958627207528133 0.088138224338766 0.926889106055313, -0.777466231466566
2 -0.416146836547142 0.18 0.917254415056265 0.172552897355064 0.860056078336018, -0.707712162295533
3 -0.989992496600445 0.27 0.875881622584398 0.253244019048894 0.799500916842117, -0.6379580931245
4 -0.653643620863612 0.36 0.83450883011253 0.330211589420255 0.745223621573608, -0.568204023953467
5 0.283662185463226 0.45 0.793136037640663 0.403455608469149 0.697224192530493, -0.498449954782434
6 0.960170286650366 0.54 0.751763245168795 0.472976076195575 0.65550262971277, -0.428695885611401
7 0.753902254343305 0.63 0.710390452696928 0.538772992599532 0.62005893312044, -0.358941816440368
8 -0.145500033808614 0.72 0.669017660225061 0.600846357681022 0.590893102753504, -0.289187747269335
9 -0.911130261884677 0.81 0.627644867753193 0.659196171440043 0.56800513861196, -0.219433678098302
NULL NULL 0.9 0.586272075281326 0.713822433876597 0.551395040695809, -0.149679608927269
NULL NULL 0.99 0.544899282809458 0.764725144990682 0.541062809005052, -0.079925539756236
NULL NULL 1.08 0.463786374474917 0.810314700147792 0.49230803831374, -0.630930152950461
NULL NULL 1.17 0.377705951657542 0.848181854823753 0.432385391435502, -0.700684222121494
NULL NULL 1.26 0.291625528840166 0.87830177144615 0.366184878331871, -0.770438291292527
NULL NULL 1.35 0.205545106022791 0.900674450014983 0.293706499002847, -0.84019236046356
NULL NULL 1.44 0.119464683205416 0.915299890530252 0.21495025344843, -0.909946429634593
NULL NULL 1.53 0.0333842603880402 0.922178092991958 0.12991614166862, -0.979700498805626
NULL NULL 1.62 -0.0526961624293353 0.921309057400099 0.0386041636634169, -1.04945456797666
NULL NULL 1.71 -0.138776585246711 0.912692783754677 -0.0589856805671788, -1.11920863714769
NULL NULL 1.8 -0.224857008064086 0.896329272055691 -0.162853391023168, -1.18896270631873
NULL NULL 1.89 -0.310937430881461 0.872218522303142 -0.272998967704549, -1.25871677548976
NULL NULL 1.98 -0.397017853698837 0.840360534497029 -0.389422410611324, -1.32847084466079
NULL NULL 2.07 -0.456316032750874 0.801692687169138 -0.481543754434397, -0.907115101648239
NULL NULL 2.16 -0.507962142155671 0.758300169298344 -0.560045180470042, -0.837361032477206
NULL NULL 2.25 -0.559608251560468 0.710259501581117 -0.632268740280294, -0.767606963306173
NULL NULL 2.34 -0.611254360965265 0.657570684017459 -0.698214433865153, -0.69785289413514
NULL NULL 2.43 -0.662900470370063 0.600233716607369 -0.75788226122462, -0.628098824964106
NULL NULL 2.52 -0.71454657977486 0.538248599350848 -0.811272222358693, -0.558344755793073
NULL NULL 2.61 -0.766192689179657 0.471615332247895 -0.858384317267373, -0.48859068662204
NULL NULL 2.7 -0.817838798584455 0.400333915298509 -0.89921854595066, -0.418836617451007
NULL NULL 2.79 -0.869484907989252 0.324404348502693 -0.933774908408554, -0.349082548279974
NULL NULL 2.88 -0.921131017394049 0.243826631860444 -0.962053404641055, -0.279328479108941
NULL NULL 2.97 -0.972777126798847 0.158600765371764 -0.984054034648163, -0.209574409937908
NULL NULL 3.06 -0.969811564056235 0.0703650992010742 -0.947955289049312, 0.677368769461884
NULL NULL 3.15 -0.93954016523992 -0.0155557286172527 -0.890131032910439, 0.607614700290851
NULL NULL 3.24 -0.909268766423605 -0.0987521305421116 -0.838584642996958, 0.537860631119818
NULL NULL 3.33 -0.87899736760729 -0.179224106573502 -0.793316119308871, 0.468106561948785
NULL NULL 3.42 -0.848725968790975 -0.256971656711424 -0.754325461846177, 0.398352492777752
NULL NULL 3.51 -0.81845456997466 -0.331994780955877 -0.721612670608876, 0.328598423606719
NULL NULL 3.6 -0.788183171158345 -0.404293479306863 -0.695177745596968, 0.258844354435686
NULL NULL 3.69 -0.75791177234203 -0.473867751764379 -0.675020686810453, 0.189090285264653
NULL NULL 3.78 -0.727640373525715 -0.540717598328428 -0.661141494249331, 0.11933621609362
NULL NULL 3.87 -0.6973689747094 -0.604843018999008 -0.653540167913601, 0.0495821469225866
NULL NULL 3.96 -0.667097575893085 -0.66624401377612 -0.652216707803265, -0.0201719222484464
NULL NULL 4.05 -0.60677833054727 -0.724169386496526 -0.625185654356293, 0.588535460471673
NULL NULL 4.14 -0.522420807977855 -0.774983347730157 -0.569078529801146, 0.658289529642706
NULL NULL 4.23 -0.438063285408439 -0.81820513193254 -0.506693539020605, 0.728043598813739
NULL NULL 4.32 -0.353705762839023 -0.853834739103676 -0.438030682014672, 0.797797667984772
NULL NULL 4.41 -0.269348240269608 -0.881872169243564 -0.363089958783346, 0.867551737155805
NULL NULL 4.5 -0.184990717700193 -0.902317422352205 -0.281871369326628, 0.937305806326838
NULL NULL 4.59 -0.100633195130778 -0.915170498429599 -0.194374913644516, 1.00705987549787
NULL NULL 4.68 -0.0162756725613622 -0.920431397475745 -0.100600591737011, 1.0768139446689
NULL NULL 4.77 0.0680818500080531 -0.918100119490644 -0.000548403604113373, 1.14656801383994
NULL NULL 4.86 0.152439372577469 -0.908176664474296 0.105781650754178, 1.21632208301097
NULL NULL 4.95 0.236796895146885 -0.8906610324267 0.218389571337862, 1.286076152182
NULL NULL 5.04 0.310722509510712 -0.865761861511968 0.325603377600532, 1.03302889917242
NULL NULL 5.13 0.371608238617554 -0.835056977846196 0.415437045413353, 0.963274830001386
NULL NULL 5.22 0.432493967724397 -0.798872378560809 0.498992847000782, 0.893520760830353
NULL NULL 5.31 0.493379696831239 -0.757208063655805 0.576270782362817, 0.82376669165932
NULL NULL 5.4 0.554265425938082 -0.710064033131185 0.64727085149946, 0.754012622488287
NULL NULL 5.49 0.615151155044925 -0.65744028698695 0.711993054410709, 0.684258553317254
NULL NULL 5.58 0.676036884151767 -0.599336825223099 0.770437391096565, 0.614504484146221
NULL NULL 5.67 0.73692261325861 -0.535753647839632 0.822603861557029, 0.544750414975189
NULL NULL 5.76 0.797808342365452 -0.466690754836549 0.868492465792099, 0.474996345804156
NULL NULL 5.85 0.858694071472295 -0.392148146213851 0.908103203801776, 0.405242276633123
NULL NULL 5.94 0.919579800579138 -0.312125821971536 0.941436075586061, 0.335488207462089
NULL NULL 6.03 0.953982245681154 -0.227021031369678 0.942705337831837, -0.570539282422455
NULL NULL 6.12 0.935418122773519 -0.141998014789218 0.894495735526513, -0.500785213251423
NULL NULL 6.21 0.916853999865883 -0.0586457692704448 0.852563999446581, -0.43103114408039
NULL NULL 6.3 0.898289876958248 0.023035705186641 0.816910129592042, -0.361277074909357
NULL NULL 6.39 0.879725754050612 0.10304640858204 0.787534125962897, -0.291523005738324
NULL NULL 6.48 0.861161631142976 0.181386340915752 0.764435988559144, -0.22176893656729
NULL NULL 6.57 0.842597508235341 0.258055502187776 0.747615717380784, -0.152014867396257
NULL NULL 6.66 0.824033385327705 0.333053892398113 0.737073312427818, -0.0822607982252244
NULL NULL 6.75 0.80546926242007 0.406381511546763 0.732808773700244, -0.0125067290541914
NULL NULL 6.84 0.786905139512434 0.478038359633725 0.734822101198063, 0.0572473401168416
NULL NULL 6.93 0.768341016604799 0.548024436659 0.743113294921275, 0.127001409287875
NULL NULL 7.02 0.735914208580267 0.61620111577142 0.743509651667779, -0.527380585906409
NULL NULL 7.11 0.654968002646593 0.678790815276629 0.692906465823505, -0.597134655077442
NULL NULL 7.2 0.574021796712921 0.734095356247807 0.636025413753839, -0.666888724248475
NULL NULL 7.29 0.493075590779248 0.782114738684955 0.57286649545878, -0.736642793419508
NULL NULL 7.38 0.412129384845576 0.822848962588071 0.503429710938328, -0.806396862590541
NULL NULL 7.47 0.331183178911903 0.856298027957158 0.427715060192483, -0.876150931761574
NULL NULL 7.56 0.250236972978231 0.882461934792214 0.345722543221245, -0.945905000932607
NULL NULL 7.65 0.169290767044557 0.90134068309324 0.257452160024613, -1.01565907010364
NULL NULL 7.74 0.088344561110885 0.912934272860235 0.162903910602589, -1.08541313927467
NULL NULL 7.83 0.00739835517721243 0.917242704093199 0.0620777949551722, -1.15516720844571
NULL NULL 7.92 -0.07354785075646 0.914265976792133 -0.0450261869176376, -1.22492127761674
NULL NULL 8.01 -0.153156336089374 0.90401077956004 -0.156992809893781, -1.14540238245169
NULL NULL 8.1 -0.22206305661622 0.887125906888288 -0.256940091201736, -1.07564831328065
NULL NULL 8.19 -0.290969777143065 0.86403942936912 -0.350609506284298, -1.00589424410962
NULL NULL 8.28 -0.359876497669911 0.834751347002537 -0.438001055141468, -0.936140174938589
NULL NULL 8.37 -0.428783218196756 0.799261659788537 -0.519114737773244, -0.866386105767556
NULL NULL 8.46 -0.497689938723603 0.75757036772712 -0.593950554179629, -0.796632036596522
NULL NULL 8.55 -0.566596659250449 0.709677470818287 -0.662508504360619, -0.726877967425489
NULL NULL 8.64 -0.635503379777295 0.655582969062039 -0.724788588316217, -0.657123898254456
NULL NULL 8.73 -0.70441010030414 0.595286862458374 -0.780790806046421, -0.587369829083423
NULL NULL 8.82 -0.773316820830986 0.528789151007294 -0.830515157551233, -0.51761575991239
NULL NULL 8.91 -0.842223541357831 0.456089834708797 -0.873961642830651, -0.447861690741357
