0.0078125 4.8475707649937
0.0234375 3.74033618848567
0.0390625 3.22127656796242
0.0546875 2.87695018225476
0.0703125 2.61815334365766
0.0859375 2.41036418371875
0.1015625 2.2365480862133
0.1171875 2.08703446983056
0.1328125 1.95580085040723
0.1484375 1.83884034501768
0.1640625 1.73335117299333
0.1796875 1.63729661726761
0.1953125 1.54914916299631
0.2109375 1.46773341137482
0.2265625 1.39212527081355
0.2421875 1.32158483970048
0.2578125 1.25551031029774
0.2734375 1.19340545614526
0.2890625 1.13485616531466
0.3046875 1.07951315748149
0.3203125 1.02707902654767
0.3359375 0.977298371103683
0.3515625 0.929950169484784
0.3671875 0.884841813195992
0.3828125 0.841804383692327
0.3984375 0.800688873845655
0.4140625 0.761363135928552
0.4296875 0.723709394564814
0.4453125 0.687622203519943
0.4609375 0.653006754466443
0.4765625 0.619777467309395
0.4921875 0.587856807568302
0.5078125 0.557174288240684
0.5234375 0.527665622608387
0.5390625 0.49927200135558
0.5546875 0.471939472695412
0.5703125 0.445618408345787
0.5859375 0.420263041441658
0.6015625 0.395831065034429
0.6171875 0.372283281866308
0.6328125 0.349583297736815
0.6484375 0.327697252090337
0.6640625 0.306593580515278
0.6796875 0.286242804709293
0.6953125 0.266617346172086
0.7109375 0.24769136046869
0.7265625 0.229440589385982
0.7421875 0.211842228703994
0.7578125 0.194874809635206
0.7734375 0.178518092263306
0.7890625 0.162752969545796
0.8046875 0.147561380642082
0.8203125 0.132926232494728
0.8359375 0.118831328733455
0.8515625 0.105261305091427
0.8671875 0.0922015706267583
0.8828125 0.0796382541299878
0.8984375 0.0675581551746283
0.9140625 0.0559486993327942
0.9296875 0.0447978971348344
0.9453125 0.0340943064008544
0.9609375 0.0238269976144056
0.9765625 0.0139855220459714
0.9921875 0.00455988236614
1.0078125 -0.00445949892591836
1.0234375 -0.0130817867658417
1.0390625 -0.0213157835231012
1.0546875 -0.0291699326095451
1.0703125 -0.0366523429257421
1.0859375 -0.043770807402492
1.1015625 -0.050532820244785
1.1171875 -0.056945592986843
1.1328125 -0.0630160694561733
1.1484375 -0.0687509397355008
1.1640625 -0.0741566532028686
1.1796875 -0.0792394307228594
1.1953125 -0.0840052760551038
1.2109375 -0.0884599865404722
1.2265625 -0.09260916311959
1.2421875 -0.0964582197339945
1.2578125 -0.100012392155395
1.2734375 -0.103276746284942
1.2890625 -0.106256185960733
1.3046875 -0.108955460308479
1.3203125 -0.111379170667644
1.3359375 -0.113531777122372
1.3515625 -0.115417604664514
1.3671875 -0.117040849013567
1.3828125 -0.118405582116663
1.3984375 -0.119515757349637
1.4140625 -0.120375214438944
1.4296875 -0.120987684122332
1.4453125 -0.121356792565124
1.4609375 -0.121486065547454
1.4765625 -0.121378932436911
1.4921875 -0.121038729959783
1.5078125 -0.120468705783296
1.5234375 -0.119672021920264
1.5390625 -0.118651757966778
1.5546875 -0.117410914182889
1.5703125 -0.11595241442544
1.5859375 -0.114279108941648
1.6015625 -0.112393777031504
1.6171875 -0.110299129586288
1.6328125 -0.107997811510363
1.6484375 -0.105492404032682
1.6640625 -0.102785426914022
1.6796875 -0.0998793405557407
1.6953125 -0.0967765480153913
1.7109375 -0.0934793969340776
1.7265625 -0.0899901813803795
1.7421875 -0.0863111436150822
1.7578125 -0.0824444757810285
1.7734375 -0.0783923215217214
1.7890625 -0.0741567775325617
1.8046875 -0.0697398950478989
1.8203125 -0.0651436812673661
1.8359375 -0.0603701007242556
1.8515625 -0.0554210765990463
1.8671875 -0.0502984919805247
1.8828125 -0.0450041910772888
1.8984375 -0.0395399803817388
1.9140625 -0.0339076297890668
1.9296875 -0.0281088736732534
1.9453125 -0.0221454119220217
1.9609375 -0.0160189109327941
1.9765625 -0.00973100457134468
1.9921875 -0.0032832950948859
2.0078125 0.00332264151613659
2.0234375 0.0100852725156927
2.0390625 0.0170030807790355
2.0546875 0.0240745819092671
2.0703125 0.0312983189827657
2.0859375 0.0386728618085825
2.1015625 0.0461968062137661
2.1171875 0.0538687733534471
2.1328125 0.061687409044784
2.1484375 0.0696513831236183
2.1640625 0.0777593888229734
2.1796875 0.0860101421724477
2.1953125 0.0944023814177145
2.2109375 0.102934866459157
2.2265625 0.111606378309101
2.2421875 0.12041571856662
2.2578125 0.129361708909451
2.2734375 0.138443190602203
2.2890625 0.147659024020231
2.3046875 0.157008088188659
2.3203125 0.166489280335812
2.3359375 0.176101515460671
2.3515625 0.185843725913648
2.3671875 0.19571486099033
2.3828125 0.205713886537549
2.3984375 0.215839784571501
2.4140625 0.226091552907265
2.4296875 0.236468204799472
2.4453125 0.246968768593584
2.4609375 0.257592287387515
2.4765625 0.268337818703114
2.4921875 0.27920443416723
2.5078125 0.290191219201972
2.5234375 0.301297272723865
2.5390625 0.312521706851593
2.5546875 0.323863646621986
2.5703125 0.335322229714019
2.5859375 0.346896606180522
2.6015625 0.358585938187287
2.6171875 0.370389399759464
2.6328125 0.382306176534831
2.6484375 0.394335465523767
2.6640625 0.406476474875785
2.6796875 0.418728423652305
2.6953125 0.431090541605451
2.7109375 0.443562068962806
2.7265625 0.456142256217756
2.7421875 0.468830363925419
2.7578125 0.481625662503774
2.7734375 0.494527432040064
2.7890625 0.507534962102061
2.8046875 0.520647551554277
2.8203125 0.533864508378717
2.8359375 0.547185149500286
2.8515625 0.560608800616468
2.8671875 0.574134796031369
2.8828125 0.587762478493749
2.8984375 0.601491199039192
2.9140625 0.615320316836043
2.9296875 0.629249199035107
2.9453125 0.643277220623069
2.9609375 0.657403764279373
2.9765625 0.671628220236558
2.9921875 0.685949986143923
3.0078125 0.700368462491739
3.0234375 0.714883070295613
3.0390625 0.729493224182112
3.0546875 0.744198350167415
3.0703125 0.758997881049371
3.0859375 0.773891256289215
3.1015625 0.788877921895988
3.1171875 0.803957330313531
3.1328125 0.819128940310127
3.1484375 0.834392216870572
3.1640625 0.849746631090695
3.1796875 0.865191660074196
3.1953125 0.880726786831843
3.2109375 0.896351500182778
3.2265625 0.912065294658134
3.2421875 0.927867670406624
3.2578125 0.943758133102266
3.2734375 0.959736193854078
3.2890625 0.975801369117681
3.3046875 0.991953180608862
3.3203125 1.00819115521889
3.3359375 1.02451482493174
3.3515625 1.04092372674291
3.3671875 1.05741740258008
3.3828125 1.07399539922534
3.3984375 1.09065726823908
3.4140625 1.10740256588539
3.4296875 1.12423085305909
3.4453125 1.14114169521412
3.4609375 1.15813466229353
3.4765625 1.17520932866078
3.4921875 1.19236527303246
3.5078125 1.20960207841237
3.5234375 1.2269193320269
3.5390625 1.24431662526171
3.5546875 1.26179355359962
3.5703125 1.27934971655977
3.5859375 1.29698471763797
3.6015625 1.31469816424811
3.6171875 1.33248966766491
3.6328125 1.35035884296758
3.6484375 1.3683053089846
3.6640625 1.38632868823969
3.6796875 1.40442860689863
3.6953125 1.42260469471719
3.7109375 1.44085658499005
3.7265625 1.45918391450057
3.7421875 1.47758632347167
3.7578125 1.49606345551745
3.7734375 1.51461495759586
3.7890625 1.53324047996208
3.8046875 1.55193967612294
3.8203125 1.57071220279198
3.8359375 1.58955771984552
3.8515625 1.60847589027934
3.8671875 1.62746638016632
3.8828125 1.64652885861466
3.8984375 1.66566299772701
3.9140625 1.68486847256024
3.9296875 1.7041449610859
3.9453125 1.72349214415146
3.9609375 1.74290970544218
3.9765625 1.76239733144364
3.9921875 1.78195471140495
4.0078125 1.80158153285991
4.0234375 1.82127749940578
4.0390625 1.84104230388094
4.0546875 1.86087564623316
4.0703125 1.88077722899901
4.0859375 1.90074675727072
4.1015625 1.92078393866356
4.1171875 1.94088848328378
4.1328125 1.96106010369708
4.1484375 1.98129851489764
4.1640625 2.00160343427762
4.1796875 2.02197458159717
4.1953125 2.04241167895503
4.2109375 2.0629144507594
4.2265625 2.08348262369955
4.2421875 2.1041159267177
4.2578125 2.12481409098145
4.2734375 2.1455768498566
4.2890625 2.16640393888045
4.3046875 2.18729509573552
4.3203125 2.20825006022369
4.3359375 2.22926857424075
4.3515625 2.25035038175131
4.3671875 2.27149522876421
4.3828125 2.29270286330822
4.3984375 2.31397303540815
4.4140625 2.33530549706137
4.4296875 2.35670000221464
4.4453125 2.37815630674135
4.4609375 2.39967416841905
4.4765625 2.4212533469074
4.4921875 2.44289360372641
4.5078125 2.46459470223501
4.5234375 2.48635640760997
4.5390625 2.50817848682513
4.5546875 2.53006070863096
4.5703125 2.55200284353436
4.5859375 2.5740046637789
4.6015625 2.59606594332514
4.6171875 2.61818645783153
4.6328125 2.64036598463531
4.6484375 2.66260430273388
4.6640625 2.68490119276635
4.6796875 2.70725643699543
4.6953125 2.72966981928951
4.7109375 2.75214112510507
4.7265625 2.77467014146929
4.7421875 2.79725665696297
4.7578125 2.8199004617036
4.7734375 2.84260134732882
4.7890625 2.86535910697995
4.8046875 2.88817353528591
4.8203125 2.91104442834724
4.8359375 2.93397158372042
4.8515625 2.95695480040242
4.8671875 2.9799938788154
4.8828125 3.00308862079167
4.8984375 3.02623882955891
4.9140625 3.04944430972549
4.9296875 3.07270486726602
4.9453125 3.0960203095072
4.9609375 3.11939044511375
4.9765625 3.14281508407455
4.9921875 3.16629403768904
5.0078125 3.18982711411106
5.0234375 3.2134141361499
5.0390625 3.23705491446975
5.0546875 3.26074926547943
5.0703125 3.28449700683276
5.0859375 3.30829795741603
5.1015625 3.33215193733557
5.1171875 3.35605876790552
5.1328125 3.38001827163576
5.1484375 3.40403027221996
5.1640625 3.42809459452384
5.1796875 3.45221106457356
5.1953125 3.47637950954428
5.2109375 3.50059975774878
5.2265625 3.52487163862641
5.2421875 3.54919498273202
5.2578125 3.57356962172508
5.2734375 3.59799538835896
5.2890625 3.62247211647036
5.3046875 3.64699964096882
5.3203125 3.67157779782641
5.3359375 3.69620642406757
5.3515625 3.72088535775897
5.3671875 3.74561443799969
5.3828125 3.77039350491129
5.3984375 3.79522239962822
5.4140625 3.82010096428819
5.4296875 3.84502904202278
5.4453125 3.87000647694806
5.4609375 3.89503311415544
5.4765625 3.92010879970252
5.4921875 3.94523338060414
5.5078125 3.97040670482349
5.5234375 3.99562862126334
5.5390625 4.02089897975742
5.5546875 4.04621763106183
5.5703125 4.0715844268466
5.5859375 4.09699921968737
5.6015625 4.12246186305711
5.6171875 4.14797221131801
5.6328125 4.17353011971342
5.6484375 4.19913544435989
5.6640625 4.22478804223933
5.6796875 4.25048777119126
5.6953125 4.2762344899051
5.7109375 4.30202805791264
5.7265625 4.32786833558051
5.7421875 4.35375518410285
5.7578125 4.37968846549388
5.7734375 4.4056680425808
5.7890625 4.43169377899654
5.8046875 4.45776553917281
5.8203125 4.48388318833301
5.8359375 4.5100465924854
5.8515625 4.53625561841628
5.8671875 4.56251013368323
5.8828125 4.58881000660845
5.8984375 4.61515510627222
5.9140625 4.64154530250631
5.9296875 4.66798046588762
5.9453125 4.69446046773176
5.9609375 4.72098518008682
5.9765625 4.74755447572709
5.9921875 4.77416822814696
6.0078125 4.80082630711211
6.0234375 4.8275285964679
6.0390625 4.85427496734591
6.0546875 4.88106529606072
6.0703125 4.90789945961724
6.0859375 4.93477733570498
6.1015625 4.96169880269238
6.1171875 4.98866373962116
6.1328125 5.01567202620075
6.1484375 5.04272354280285
6.1640625 5.06981817045591
6.1796875 5.09695579083981
6.1953125 5.12413628628051
6.2109375 5.15135953974478
6.2265625 5.17862543483503
6.2421875 5.20593385578409
6.2578125 5.23328468745019
6.2734375 5.26067781531188
6.2890625 5.28811312546302
6.3046875 5.3155905046079
6.3203125 5.34310984005631
6.3359375 5.37067101971874
6.3515625 5.39827393210158
6.3671875 5.42591846630243
6.3828125 5.45360451200534
6.3984375 5.48133195947627
6.4140625 5.50910069955848
6.4296875 5.53691062366795
6.4453125 5.56476162378897
6.4609375 5.59265359246964
6.4765625 5.6205864228175
6.4921875 5.64856000849519
6.5078125 5.67657424371614
6.5234375 5.7046290232403
6.5390625 5.73272424236993
6.5546875 5.76085979694545
6.5703125 5.78903558334128
6.5859375 5.81725149846176
6.6015625 5.84550743973712
6.6171875 5.87380330511944
6.6328125 5.90213899307876
6.6484375 5.93051440259904
6.6640625 5.95892943317439
6.6796875 5.98738398480516
6.6953125 6.01587795799414
6.7109375 6.0444112537428
6.7265625 6.07298377354755
6.7421875 6.10159541939607
6.7578125 6.1302460937636
6.7734375 6.15893569960938
6.7890625 6.18766414037301
6.8046875 6.21643131997095
6.8203125 6.24523714279295
6.8359375 6.2740815136986
6.8515625 6.30296433801388
6.8671875 6.33188552152775
6.8828125 6.36084497048873
6.8984375 6.38984259160162
6.9140625 6.41887829202414
6.9296875 6.44795197936363
6.9453125 6.47706356167383
6.9609375 6.50621294745166
6.9765625 6.53540004563401
6.9921875 6.5646247655946
7.0078125 6.59388701269814
7.0234375 6.62318670611161
7.0390625 6.65252375201371
7.0546875 6.68189806149445
7.0703125 6.71130954606527
7.0859375 6.74075811765611
7.1015625 6.77024368861245
7.1171875 6.79976617169234
7.1328125 6.82932548006355
7.1484375 6.85892152730064
7.1640625 6.88855422738217
7.1796875 6.91822349468785
7.1953125 6.94792924399574
7.2109375 6.9776713904795
7.2265625 7.00744984970562
7.2421875 7.03726453763075
7.2578125 7.06711537059893
7.2734375 7.09700226533902
7.2890625 7.12692513896196
7.3046875 7.15688390895823
7.3203125 7.18687849319518
7.3359375 7.21690880991453
7.3515625 7.24697477772977
7.3671875 7.27707631562367
7.3828125 7.30721334294572
7.3984375 7.33738577940973
7.4140625 7.36759354509129
7.4296875 7.39783656042541
7.4453125 7.42811474620403
7.4609375 7.45842802357371
7.4765625 7.48877631403317
7.4921875 7.51915953943102
7.5078125 7.54957762196337
7.5234375 7.58003048417154
7.5390625 7.61051804893979
7.5546875 7.64104023949304
7.5703125 7.67159697939461
7.5859375 7.702188192544
7.6015625 7.73281380317467
7.6171875 7.76347373585188
7.6328125 7.79416791547049
7.6484375 7.8248962672528
7.6640625 7.85565871674645
7.6796875 7.88645518982231
7.6953125 7.9172856126723
7.7109375 7.94814991180744
7.7265625 7.97904801405566
7.7421875 8.00997984655988
7.7578125 8.04094533677586
7.7734375 8.07194441247031
7.7890625 8.10297700171879
7.8046875 8.13404303290384
7.8203125 8.16514243471293
7.8359375 8.1962751361366
7.8515625 8.22744106646645
7.8671875 8.25864015529331
7.8828125 8.28987233250529
7.8984375 8.32113752828597
7.9140625 8.35243567311246
7.9296875 8.38376669775359
7.9453125 8.41513053326812
7.9609375 8.44652711100285
7.9765625 8.47795636259089
7.9921875 8.50941821994983
8.0078125 8.54091261083732
8.0234375 8.57243947666361
8.0390625 8.60399874570243
8.0546875 8.63559035099182
8.0703125 8.66721422584558
8.0859375 8.69887030385163
8.1015625 8.73055851887031
8.1171875 8.76227880503268
8.1328125 8.7940310967389
8.1484375 8.82581532865654
8.1640625 8.85763143571902
8.1796875 8.88947935312392
8.1953125 8.92135901633143
8.2109375 8.95327036106273
8.2265625 8.98521332329843
8.2421875 9.01718783927698
8.2578125 9.04919384549315
8.2734375 9.08123127869647
8.2890625 9.11330007588969
8.3046875 9.1454001743273
8.3203125 9.17753151151399
8.3359375 9.20969402520318
8.3515625 9.24188765339554
8.3671875 9.27411233433751
8.3828125 9.30636800651985
8.3984375 9.33865460867619
8.4140625 9.3709720797816
8.4296875 9.40332035905118
8.4453125 9.43569938593862
8.4609375 9.46810910013482
8.4765625 9.50054944156651
8.4921875 9.53302035039484
8.5078125 9.56552176701404
8.5234375 9.59805363205005
8.5390625 9.63061588635916
8.5546875 9.66320847102672
8.5703125 9.69583132736576
8.5859375 9.72848439691571
8.6015625 9.76116762144106
8.6171875 9.79388094293011
8.6328125 9.82662430359365
8.6484375 9.85939764586369
8.6640625 9.8922009123922
8.6796875 9.92503404604986
8.6953125 9.95789698992477
8.7109375 9.9907896873213
8.7265625 10.0237120817588
8.7421875 10.0566641169702
8.7578125 10.0896457369014
8.7734375 10.1226568857093
8.7890625 10.155697507761
8.8046875 10.1887675476328
8.8203125 10.2218669501085
8.8359375 10.2549956601789
8.8515625 10.28815362304
8.8671875 10.3213407840923
8.8828125 10.3545570889393
8.8984375 10.3878024833868
8.9140625 10.4210769134415
8.9296875 10.4543803253099
8.9453125 10.4877126653971
8.9609375 10.521073880306
8.9765625 10.5544639168359
8.9921875 10.5878827219818
9.0078125 10.6213302384902
9.0234375 10.6548064226726
9.0390625 10.6883112176169
9.0546875 10.7218445710892
9.0703125 10.7554064310456
9.0859375 10.7889967456315
9.1015625 10.8226154631802
9.1171875 10.8562625322123
9.1328125 10.8899379014342
9.1484375 10.9236415197377
9.1640625 10.9573733361983
9.1796875 10.9911333000748
9.1953125 11.0249213608081
9.2109375 11.0587374680201
9.2265625 11.0925815715128
9.2421875 11.1264536212675
9.2578125 11.1603535674438
9.2734375 11.1942813603783
9.2890625 11.2282369505841
9.3046875 11.2622202887496
9.3203125 11.2962313257379
9.3359375 11.3302700125853
9.3515625 11.364336300501
9.3671875 11.3984301408656
9.3828125 11.4325514852309
9.3984375 11.4667002853183
9.4140625 11.5008764930184
9.4296875 11.5350800603897
9.4453125 11.5693109396582
9.4609375 11.6035690832162
9.4765625 11.6378544436215
9.4921875 11.6721669735964
9.5078125 11.7065066260274
9.5234375 11.7408733539635
9.5390625 11.7752671106161
9.5546875 11.8096878493577
9.5703125 11.8441355237214
9.5859375 11.8786100873997
9.6015625 11.9131114942441
9.6171875 11.947639698264
9.6328125 11.9821946536259
9.6484375 12.0167763146527
9.6640625 12.0513846358229
9.6796875 12.0860195717699
9.6953125 12.1206810772807
9.7109375 12.1553691072959
9.7265625 12.1900836169083
9.7421875 12.2248245613626
9.7578125 12.259591896054
9.7734375 12.2943855765281
9.7890625 12.3292055584799
9.8046875 12.3640517977529
9.8203125 12.3989242503386
9.8359375 12.4338228723754
9.8515625 12.4687476201484
9.8671875 12.5036984500881
9.8828125 12.5386753187702
9.8984375 12.5736781829144
9.9140625 12.608706999384
9.9296875 12.6437617251851
9.9453125 12.6788423174658
9.9609375 12.7139487335157
9.9765625 12.7490809307651
9.9921875 12.7842388667841
10.0078125 12.8194224992823
