-10 -1
-9.8 -1
-9.6 -1
-9.4 -1
-9.2 -1
-9 -1
-8.8 -1
-8.6 -1
-8.4 -1
-8.2 -1
-8 -1
-7.8 -1
-7.6 -1
-7.4 -1
-7.2 -1
-7 -1
-6.8 -1
-6.6 -1
-6.4 -1
-6.2 -1
-6 -1
-5.8 -1
-5.6 -0.999999999999999
-5.4 -0.999999999999987
-5.2 -0.999999999999879
-5 -0.999999999998991
-4.8 -0.999999999992211
-4.6 -0.999999999944458
-4.4 -0.999999999634219
-4.2 -0.999999997774958
-4 -0.99999998749738
-3.8 -0.999999935100431
-3.6 -0.99999968875912
-3.4 -0.999998620870979
-3.2 -0.999994353107064
-3 -0.999978632326396
-2.8 -0.99992526941427
-2.6 -0.999758405368091
-2.4 -0.99927792527529
-2.2 -0.998004529900172
-2 -0.994900318508938
-1.8 -0.989154184273649
-1.6 -0.976552972126066
-1.4 -0.952809572542964
-1.2 -0.910917133763266
-1 -0.843921292239978
-0.800000000000001 -0.742086639853771
-0.6 -0.603850136707247
-0.4 -0.428373893997501
-0.199999999999999 -0.222701903548297
0 9.34368451244172E-06
0.199999999999999 0.222701903548297
0.4 0.428373893997501
0.6 0.603850136707247
0.800000000000001 0.742086639853771
1 0.843921292239978
1.2 0.910917133763266
1.4 0.952809572542964
1.6 0.976552972126066
1.8 0.989154184273649
2 0.994900318508938
2.2 0.998004529900172
2.4 0.99927792527529
2.6 0.999758405368091
2.8 0.99992526941427
3 0.999978632326396
3.2 0.999994353107064
3.4 0.999998620870979
3.6 0.99999968875912
3.8 0.999999935100431
4 0.99999998749738
4.2 0.999999997774958
4.4 0.999999999634219
4.6 0.999999999944458
4.8 0.999999999992211
5 0.999999999998991
5.2 0.999999999999879
5.4 0.999999999999987
5.6 0.999999999999999
5.8 1
6 1
6.2 1
6.4 1
6.6 1
6.8 1
7 1
7.2 1
7.4 1
7.6 1
7.8 1
8 1
8.2 1
8.4 1
8.6 1
8.8 1
9 1
9.2 1
9.4 1
9.6 1
9.8 1
