0 10 5
0.00394530483986938 9.8601625698353 5.13861165253019
0.00776134673779656 9.72169053423079 5.27353455516289
0.0115495290738555 9.58125890256897 5.40811831186442
0.0153756191204156 9.43658583846115 5.54451100830861
0.0192871763859824 9.28592082428698 5.68422360899689
0.023322704520508 9.1277678520158 5.82842303388625
0.0275164589549241 8.96074055284609 5.97807746870228
0.0319001655525399 8.78352468284412 6.13399132169259
0.0365012420679322 8.59498142255075 6.2967134018073
0.0413356941502817 8.39448175282022 6.46625986591535
0.0463937254033066 8.18256637425401 6.64160639611537
0.0516214561351491 7.96178668566441 6.82011551241348
0.0569149330736019 7.73700316033394 6.99749845345662
0.0621440272651513 7.51432904564533 7.16885530183268
0.0671944675768593 7.29921486337578 7.33022475466147
0.0717212863461323 7.10678765293246 7.47104476742282
0.0760860363444134 6.9219333250836 7.60311728599811
0.0802556772667716 6.74625515312779 7.72565311683814
0.0842264166633189 6.58002581524535 7.83885308017252
0.0880103790080315 6.42278413233608 7.94340619979636
0.0916266564531129 6.27374098372454 8.04017328007143
0.0950961166236316 6.13201684101189 8.13001630314578
0.098438757463056 5.99676374741938 8.21372046620915
0.101672573565107 5.86721828613273 8.29196770593849
0.104813235715255 5.74271727246256 8.36533577051861
0.107874166654596 5.62269521681635 8.43430827889585
0.110866783148356 5.50667408390542 8.4992882717629
0.113800786002117 5.39425077077299 8.56061172852022
0.116684441910106 5.28508487564685 8.61855960684348
0.119524834000537 5.17888781980784 8.67336798659711
0.122328074510948 5.07541362747574 8.72523636464227
0.125099480750725 4.97445131666337 8.77433432862817
0.127843718641966 4.87581871167918 8.82080688377151
0.130564918988828 4.77935744924918 8.86477869284063
0.133266771436135 4.68492895896289 8.90635745364583
0.135952600470295 4.5924112262152 8.94563659793386
0.13862542709925 4.50169617798987 8.98269745823764
0.141288019164799 4.412687562367 9.01761101756169
0.14394293264547 4.32529921909771 9.05043933113357
0.146592545814608 4.23945366042952 9.08123668922724
0.149239087720719 4.15508089888312 9.11005057436844
0.151884662142417 4.07211747248964 9.13692245416255
0.154531267923891 3.9905056287689 9.16188844174623
0.157180816405183 3.91019263708283 9.1849798488012
0.159835146512937 3.83113020546027 9.20622365066371
0.162496037962211 3.75327398298824 9.2256428789149
0.16516522293079 3.67658313273706 9.2432569536401
0.167844396498298 3.60101996319639 9.25908196506707
0.170535226088684 3.52654960854749 9.27313091236091
0.173239360112829 3.45313974993749 9.28541390583575
0.175958435975457 3.38076037137319 9.29593833764197
0.17869408758515 3.30938354500143 9.30470902502945
0.181447952486529 3.23898324146058 9.31172832951557
0.184221678718429 3.16953516172348 9.3169962546592
0.187016931490226 3.10101658744579 9.32051052462702
0.189835399759756 3.03340624731592 9.32226664531022
0.192678802789938 2.96668419729676 9.3222579493896
0.195548896756947 2.9008317129726 9.32047562643983
0.198447481480285 2.83583119248246 9.3169087388972
0.201376407344174 2.77166606874323 9.3115442244803
0.204337582480228 2.70832072985205 9.30436688544173
0.20733298028326 2.64578044671393 9.29535936483474
0.210364647335346 2.58403130707357 9.2845021097969
0.213434711817871 2.52306015524385 9.27177332167794
0.216545392497328 2.46285453692145 9.25714889266765
0.219699008378152 2.40340264856621 9.24060232840868
0.222897989125019 2.34469329089663 9.22210465590405
0.226144886367951 2.28671582612363 9.20162431584967
0.229442386016402 2.22946013860856 9.17912703833283
0.232793321723514 2.17291659869386 9.15457570063951
0.236200689659102 2.11707602951615 9.12793016570319
0.239667664769938 2.06192967667622 9.09914709950598
0.243197618728744 2.00746918071027 9.06817976551094
0.24679413979926 1.95368655238608 9.03497779396457
0.250461054873838 1.90057415094146 8.99948692366818
0.25420245397234 1.848124665496 8.96164871358693
0.258022717526308 1.79633110000912 8.9214002214653
0.26192654680975 1.74518676233846 8.8786736464768
0.265918997915991 1.69468525818658 8.83339593290187
0.270005519716319 1.64482049103091 8.78548833197243
0.274191996266136 1.59558666953792 8.73486591945393
0.278484794140827 1.54697832450299 8.68143706742291
0.282890815174844 1.49899033808397 8.62510287028853
0.2874175550251 1.45161798907318 8.5657565277775
0.292073167854529 1.40485701927606 8.50328269191454
0.296866537188374 1.35870372785653 8.4375567918295
0.301807352564273 1.31315510294112 8.36844436076064
0.30690619087003 1.26820900306806 8.29580040576701
0.312174600076267 1.22386440550898 8.21946888515395
0.317625181178544 1.18012174442797 8.13928239544558
0.323271661200487 1.13698336965034 8.05506222459367
0.329128945551131 1.09445416680391 7.96661900883158
0.335213131152901 1.05254239177405 7.87375434734208
0.341541451640491 1.01126078596484 7.77626389349883
0.348132111578574 0.970628051098472 7.67394266409219
0.355003947410541 0.93067076674774 7.56659358870664
0.362175829503395 0.891425817069263 7.45404063069122
0.369665696629201 0.852943330699324 7.33614805212751
0.377489103508741 0.81528999057882 7.212847343762
0.385657188128071 0.778552290620152 7.08417258055087
0.394174067200856 0.742838876155718 6.95030289495893
0.403033885775857 0.708280571841543 6.81160687311902
0.412218079412985 0.675026343687634 6.66867831036974
0.421693741277561 0.643233766038252 6.5223481762079
0.431414066828047 0.613054040710367 6.37365817253763
0.441321414469894 0.584614045983054 6.22379062705174
0.451352605159194 0.557999991663928 6.07396575539188
0.461445165593207 0.533247376660514 5.92533153521975
0.471542894089324 0.510339674623241 5.77887400131454
0.481599567656725 0.489214929140589 5.6353654861958
0.491580441916112 0.469777169384932 5.4953529287511
0.50146190615343 0.451909117073646 5.35917677611224
0.511229981029385 0.435483573870476 5.22700685882419
0.520878327593817 0.420372205499069 5.09888331627645
0.530406245581718 0.40645150802625 4.97475478843416
0.539816924723147 0.393606345109883 4.8545101122157
0.549116048364244 0.381731659591821 4.73800258453667
0.558310748892667 0.370732947367121 4.62506741146006
0.567408866523043 0.360525968187769 4.5155335969732
0.576418448035359 0.351036036033569 4.40923161945026
0.585347424504416 0.342197116994983 4.30599808371852
0.594203416773026 0.333950875856341 4.20567829302034
0.60299362879324 0.326245752335548 4.10812744457199
0.611724799357827 0.319036108681665 4.01321094985207
0.620403191232249 0.31228146611532 3.92080422417378
0.629034603182498 0.305945833489859 3.83079217543071
0.63762439513671 0.299997123916697 3.74306854105845
0.646177520078261 0.29440665143415 3.65753516687626
0.654698558589816 0.289148698464776 3.57410128444604
0.663191753538605 0.284200144766068 3.49268281937009
0.671661043435139 0.279540149201325 3.41320174746699
0.680110093674843 0.275149876569275 3.33558550611861
0.6885423253021 0.271012262722546 3.25976646226695
0.696960941201424 0.26711181216471 3.18568143519829
0.705368949777351 0.26343442319024 3.11327127047541
0.71376918627161 0.259967236400997 3.04248046057222
0.72216433190884 0.256698503094926 2.97325680753976
0.730556931077495 0.25361747058435 2.90555112314339
0.738949406751659 0.250714281973665 2.83931696220009
0.747344074349484 0.24797988832131 2.77451038521894
0.755743154209189 0.245405971440296 2.7110897468476
0.764148782846982 0.242984875865839 2.64901550702149
0.77256302314438 0.240709548746988 2.58825006208158
0.780987873596245 0.238573486609393 2.52875759346384
0.789425276735938 0.236570688095106 2.47050393186473
0.797877126840399 0.234695611918047 2.41345643505376
0.806345277005945 0.23294313938501 2.35758387773779
0.814831545674907 0.231308540925566 2.30285635208552
0.823337722683894 0.229787446152936 2.24924517769769
0.831865574896388 0.228375817044538 2.19672281996197
0.840416851475318 0.227069923887251 2.14526281586461
0.84899328884518 0.225866323680485 2.09483970644593
0.857596615388065 0.224761840731025 2.04542897518657
0.866228555913446 0.223753549208656 1.99700699169788
0.87489083593774 0.222838757461671 1.94955096016488
0.883585185806401 0.222014993917237 1.90303887205516
0.892313344688535 0.221279994414061 1.85744946266435
0.90107706447167 0.220631690834194 1.81276217111749
0.909878113582447 0.220068200917798 1.76895710348944
0.918718280757319 0.219587819159525 1.72601499874474
0.927599378786172 0.219189008698177 1.68391719723066
0.936523248250707 0.218870394122858 1.64264561148583
0.945491761278741 0.218630755129042 1.60218269915285
0.954506825335081 0.218469020967129 1.56251143780514
0.963570387069356 0.218384265634282 1.52361530151851
0.972684436241138 0.218375703767794 1.48547823903535
0.981851009742848 0.218442687205053 1.44808465338468
0.991072195741291 0.218584702181462 1.41141938283524
1.00035013795922 0.218801367143543 1.37546768307107
1.00968704011909 0.219092431159987 1.34021521048973
1.01908517057215 0.219457772918704 1.30564800653322
1.02854686713714 0.219897400303063 1.27175248297047
1.03807454217438 0.220411450545515 1.23851540805778
1.04767068792246 0.221000190961833 1.20592389351113
1.05733788212696 0.221664020274224 1.17396538223022
1.06707879399239 0.222403470536784 1.14262763672029
1.07689619049134 0.223219209682108 1.11189872816284
1.08679294306725 0.224112044713528 1.08176702609133
1.09677203477066 0.225082925573457 1.05222118863272
1.10683656787177 0.226132949724721 1.02325015327951
1.11698977199641 0.227263367488785 0.99484312816147
1.12723501283649 0.228475588192343 0.966989583789803
1.13757580149066 0.229771187182164 0.939679245250534
1.14801580449624 0.23115191377731 0.912902084827515
1.15855885461891 0.232619700238154 0.886648315039452
1.16920896247279 0.234176671843125 0.86090838207926
1.17997032905039 0.235825158176973 0.835672959648339
1.19084735924881 0.237567705748782 0.810932943182897
1.20184467648628 0.239407092074281 0.786679444474493
1.21296713851123 0.241346341375281 0.762903786692569
1.22421985451436 0.243388742069808 0.739597499823133
1.23560820366264 0.245537866249834 0.716752316545005
1.24713785518267 0.247797591369858 0.694360168573546
1.25881479012872 0.250172124399318 0.672413183511586
1.27064532497773 0.252666028725253 0.650903682258839
1.28263613719911 0.25528425412916 0.629824177044622
1.29479429294969 0.258032170204054 0.609167370164662
1.30712727704344 0.260915603624452 0.588926153521572
1.3196430253386 0.263940879733807 0.569093609090616
1.33234995967051 0.267114868970632 0.549663010458312
1.34525702543303 0.270445038716102 0.530627825611616
1.35837373187077 0.273939511211568 0.511981721190551
1.37171019508421 0.277607128262959 0.493718568457594
1.385277183662 0.281457523518298 0.475832451283386
1.39908616673202 0.285501203171153 0.458317676500465
1.41314936405236 0.289749636001496 0.441168787034802
1.42747979753272 0.294215353708524 0.424380578288143
1.44209134326601 0.298912062506172 0.407948118311387
1.45699878273759 0.303854766925409 0.391866772377928
1.47221785133759 0.309059906675441 0.376132232632275
1.48776528159487 0.314545507227437 0.360740553547343
1.5036588376395 0.320331344456622 0.345688193964603
1.51991733623592 0.326439123153938 0.330972066501899
1.53656064825856 0.332892668420308 0.316589595075361
1.55360967265216 0.339718127785577 0.302538781168045
1.57108627268385 0.346944180225025 0.288818279251048
1.58901316163141 0.354602245927594 0.275427481371064
1.60741372199233 0.362726687530554 0.262366610290211
1.62631173897033 0.371354989403963 0.249636819605356
1.64573102570079 0.380527896314806 0.237240297865796
1.66569491498504 0.390289486413877 0.225180371711168
1.68622559118765 0.400687146204112 0.213461600327593
1.70734323791244 0.411771407641369 0.202089849977876
1.72906498422161 0.423595601146488 0.191072333045949
1.75140364711613 0.436215275365527 0.180417591269514
1.77436629341921 0.44968733835464 0.170135398411132
1.7979526817648 0.464068889642512 0.160236554989427
1.82215369400776 0.479415742336696 0.150732549033667
1.84694991901932 0.495780681010155 0.141635064754565
1.87231059787835 0.513211561639491 0.13295533774975
1.89819315931458 0.531749424153421 0.124703381208097
1.92454354812646 0.551426838360114 0.116887139329485
1.95129746539756 0.572266718759679 0.109511654322619
1.97838250402831 0.594281806734277 0.102578351482595
2.00572100535518 0.617474928633581 0.0960845436632366
2.03323332695153 0.641840014141494 0.0900232286926051
2.06084114034262 0.667363734829289 0.0843832066516597
2.08847039111307 0.694027533040566 0.0791494915360597
2.1160536432299 0.721809777737863 0.0743039484974176
2.14353166109223 0.750687807352295 0.0698260639406486
2.17085421649013 0.780639683162282 0.0656937537071641
2.19798021198792 0.811645555986775 0.0618841298372477
2.2248772729197 0.843688622496452 0.0583741709021566
2.25152097872988 0.876755702244884 0.055141266763223
2.27789389185485 0.910837498749563 0.0521636304622754
2.30398451242162 0.945928620250086 0.0494205853643581
2.32978625144525 0.98202743382259 0.0468927445790245
2.355296481753 1.01913581635858 0.0445621033051646
2.38051569853678 1.05725885239454 0.0424120647257266
2.40544680138313 1.09640451516437 0.0404274179489152
2.43009449631302 1.13658335533116 0.0385942834156329
2.45446480848193 1.17780821235095 0.0369000379363271
2.47856469228257 1.22009395637413 0.0353332285198165
2.50240172435063 1.26345726369612 0.0338834816114651
2.52598386536711 1.307916425597 0.0325414123190432
2.54931927783493 1.35349118852194 0.0312985366406629
2.5724161886831 1.40020262257325 0.0301471885521203
2.59528278730897 1.4480730149063 0.0290804429823585
2.61792715133137 1.49712578462273 0.0280920451312433
2.64035719380753 1.54738541597333 0.0271763461994949
2.66258062693273 1.59887740701329 0.0263282453547442
2.68460493829521 1.6516282312241 0.02554313761015
2.70643737661772 1.70566530998674 0.0248168672126685
2.72808494460571 1.76101699413725 0.0241456861047811
2.74955439706891 1.81771255314613 0.0235262170203884
2.7708522429122 1.87578217073404 0.0229554207914973
2.79198474992663 1.93525694596832 0.0224305674695703
2.81295795157115 1.99616889908185 0.0219492108987572
2.83377765513619 2.05855098142078 0.0215091664142938
2.85444945083485 2.12243708906687 0.0211084913759519
2.8749787214857 2.18786207979687 0.0207454682822715
2.89537065254225 2.25486179314042 0.0204185902456875
2.91563024229413 2.32347307338284 0.0201265486412881
2.93576231211779 2.39373379543348 0.0198682227727563
2.95577151669639 2.46568289354653 0.0196426714282152
2.9756623541597 2.5393603929423 0.0194491262264614
2.99543917611985 2.61480744443502 0.0192869866807961
3.01510619759814 2.69206636223032 0.0191558169337352
3.03466750685393 2.77118066511368 0.0190553441417703
3.05412707513935 2.85219512131221 0.0189854585155574
3.07348876641504 2.93515579737821 0.0189462150479933
3.09275634707175 3.02011011151573 0.0189378369912278
3.1119334957126 3.10710689185353 0.0189607211744599
3.13102381305982 3.19619644026191 0.0190154452881984
3.15003083206013 3.28743060241903 0.0191027772984862
3.16895802827363 3.38086284495942 0.0192236871975209
3.18780883064348 3.47654834068631 0.0193793613465139
3.20658663275782 3.57454406300559 0.0195712197241689
3.22529480473206 3.67490889094944 0.0198009364618376
3.24393670585957 3.77770372640821 0.0200704641267498
3.2625156982023 3.88299162549093 0.0203820623108183
3.28103516132164 3.99083794629794 0.0207383311983263
3.29949850838443 4.10131051582994 0.021142250926273
3.31790920392094 4.21447981929292 0.0215972277226225
3.33627078356338 4.33041921571328 0.0221071480182865
3.35458687615671 4.44920518457991 0.0226764419888841
3.3728612287114 4.57091760921996 0.0233101583058189
3.39109773476485 4.69564010384038 0.0240140522809185
3.40930046683844 4.82346039269301 0.024794690098467
3.42747371382848 4.95447075172891 0.0256595724744533
3.44562202435968 5.08876852550817 0.0266172819076058
3.46375025737088 5.22645673516765 0.0276776587476683
3.4818636415112 5.36764479711262 0.0288520126818687
3.49996784531981 5.5124493770449 0.0301533780390647
3.51806906067478 5.66099541031432 0.0315968236839322
3.53617410266332 5.81341732784774 0.0331998314343916
3.55429052990178 5.96986053770576 0.0349827611892192
3.57242679049367 6.13048322650897 0.0369694267404445
3.59059240036116 6.29545856375425 0.0391878142126118
3.60879816276647 6.46497741703967 0.0416709861776245
3.62705644065804 6.63925171966278 0.0444582301853053
3.64538149731938 6.81851867695124 0.0475965329375432
3.66378992606073 7.0030460579406 0.0511424940545405
3.68230119690695 7.19313889939737 0.0551648417604872
3.70093835806685 7.38914805454534 0.0597477855509577
3.71972894312111 7.59148115130123 0.0649955521373207
3.73870615165344 7.80061667518332 0.0710386239308936
3.75791039001914 8.01712201556357 0.0780424723197051
3.77739127271258 8.24167626232639 0.0862200131919965
3.7972101677097 8.47509787036337 0.0958497049726752
3.81744324065306 8.71837473690522 0.107302280264598
3.83818446744131 8.97268604216325 0.121080584540687
3.85954650518246 9.23938061470455 0.137878253912481
3.88165250363577 9.51980539842559 0.158660210520308
3.90459865826142 9.81468833876064 0.1847452746524
3.92834062798017 10.1224172944159 0.21778056433958
3.9524622604342 10.4356989494769 0.259303269694847
3.97429407983644 10.7173354412446 0.305678924753224
3.99209064435454 10.943505007578 0.351206639073533
4.00790036865655 11.140216897596 0.39866876628207
4.0217500612141 11.3079419045447 0.446643616046137
4.03395086874366 11.4510599900266 0.494627601776241
4.04483453879155 11.5741940991109 0.542567794532496
4.05467378762935 11.6811227453396 0.590574882958861
4.06367540871181 11.7747030874882 0.638792157169906
4.07238842264087 11.8608739702395 0.689752666949335
4.08027047862396 11.9346052913784 0.73982167658644
4.08789169685028 12.0016508775575 0.792114731391994
4.09519181713233 12.0615452939923 0.846062543211038
4.10215104190807 12.1143167257438 0.901265346918602
4.10877365973631 12.1602609583831 0.957455817203612
4.11507693152782 12.1997954351649 1.01446407010308
4.12108408858844 12.2333730056845 1.07218863255343
4.12682019652492 12.2614353255325 1.13057421101361
4.13230987620241 12.2843905661442 1.18959558163615
4.13757616454711 12.302605059329 1.24924639121605
4.14264004236519 12.3164023845753 1.30953163272949
4.14752033291013 12.3260660661683 1.37046274429894
4.15223379272764 12.3318437317753 1.43205451753241
4.15679529106947 12.3339515960486 1.49432321974422
4.16121801996318 12.3325787150146 1.55728551097805
4.16551370427788 12.3278907782783 1.6209578692483
4.16969279690073 12.3200333747198 1.68535633253397
4.17376465298226 12.3091347496734 1.75049643224884
4.17773768195898 12.295308106746 1.81639323790432
4.1816194784449 12.2786535179817 1.88306146268766
4.1854169341373 12.2592595046051 1.9505155993519
4.18913633321157 12.2372043439211 2.0187700685056
4.19278343364026 12.2125571496521 2.08783936943914
4.19636353665893 12.1853787647959 2.1577382286353
4.19988154632597 12.1557224987236 2.22848174416496
4.20334202084212 12.1236347339493 2.30008552598271
4.20674921703462 12.0891554227803 2.37256583318386
4.21010712918256 12.0523184897737 2.44593970986972
4.21341952316622 12.0131521524369 2.52022512158974
4.21668996676256 11.9716791697547 2.59544109451164
4.2199218567778 11.9279170257695 2.67160785959427
4.22311844360243 11.8818780534664 2.74874700415295
4.22628285369025 11.8335695025125 2.8268816333463
4.22941811039786 11.7829935528969 2.90603654430062
4.23252715357129 11.7301472751291 2.98623841583981
4.23561285823082 11.6750225363257 3.06751601712245
4.2386780526808 11.6176058501796 3.14990043891944
4.24172553635901 11.557878167409 3.23342535181571
4.24475809773741 11.4958146017612 3.31812729631216
4.24777853259475 11.431384084934 3.40404601066983
4.25078966300142 11.3645489417879 3.49122480341749
4.25379435738854 11.2952643748733 3.57971097878594
4.2567955521205 11.223477844455 3.66955632500289
4.25979627505331 11.1491283267482 3.76081767746458
4.26279967164648 11.0721454287791 3.85355757139981
4.2658090343068 10.9924483329215 3.94784500189527
4.26882783578724 10.9099445374047 4.04375631322851
4.27185976765065 10.8245283505358 4.14137624457105
4.27490878504978 10.736079085506 4.24079916553939
4.27797915938605 10.6444588887666 4.34213054309321
4.2810755408107 10.5495101172517 4.44548869123763
4.28420303304525 10.4510521571833 4.55100686717678
4.28736728365006 10.3488775487611 4.65883579209701
4.29057459368254 10.2427472458468 4.76914669121078
4.29383205166348 10.132384797796 4.88213496435444
4.29714769786216 10.0174691944134 4.99802461065642
4.30053072592701 9.89762607351893 5.11707352740826
4.30399172930605 9.77241697790792 5.23957975881692
4.3075429984118 9.64132642396305 5.36588862802276
4.31119886797755 9.50374684842453 5.49640032016831
4.31497609527372 9.35896235907752 5.6315766192675
4.31889420220736 9.20613437455314 5.77194353451371
4.32297560086799 9.04429735546372 5.91808220172829
4.32724506591454 8.8723843568696 6.07059119138031
4.33172758555632 8.68932606188625 6.22998526332307
4.33644271762301 8.49430787525325 6.39646747226186
4.34139284268845 8.28730374647077 6.56949737215282
4.34654502802287 8.06990383478541 6.74718259222945
4.35181639116959 7.84599654870603 6.92589014401954
4.35708341861694 7.62137474376318 7.10078062728994
4.36221947632921 7.40204081861559 7.26727726027565
4.36686473234421 7.20387229525236 7.41402090772641
4.37135158721895 7.0130211185415 7.55197480701606
4.37563629026034 6.83159922009834 7.67997689990289
4.3797096113845 6.66014493977687 7.79806535024418
4.38358200967243 6.49828605967595 7.90690493404218
4.387273053361 6.34522061053009 8.00740370190293
4.39080505860136 6.20000890873863 8.10049828143958
4.39419976038642 6.06172775417708 8.18705209932441
4.3974768356832 5.92953974893096 8.26781817443922
4.4006534400098 5.80271593880881 8.34343460441571
4.40374424477395 5.68063528349898 8.41443446489419
4.40676168953247 5.56277410355628 8.48126059656128
4.40971630109072 5.44869232745908 8.54428075218518
4.41261700876336 5.33801980032964 8.60380121535889
4.41547142622255 5.23044402374257 8.66007830720016
4.41828609102514 5.12569974547544 8.71332779205692
4.42106666256653 5.0235603744874 8.76373242917733
4.42381808316436 4.9238310149979 8.81144798138667
4.42654470811095 4.82634286138144 8.85660798003936
4.42925041037095 4.73094870271086 8.89932750524767
4.43193866491772 4.63751931650128 8.93970619381249
4.43461261687827 4.54594056814683 8.97783064389543
4.43727513686739 4.45611106785401 9.01377634861272
4.43992886620306 4.36794026752317 9.04760926089978
4.44257625412531 4.2813469053088 9.07938706851946
4.44521958868234 4.1962577258285 9.10916023991759
4.44786102258575 4.11260641990338 9.13697288770243
4.45050259505444 4.03033274008965 9.16286348590066
4.45314625044768 3.94938175782857 9.18686546905235
4.45579385431846 3.86970323541769 9.20900773504009
4.45844720738774 3.79125109169091 9.22931506883359
4.46110805783916 3.71398294468312 9.24780850071269
4.46377811225581 3.63785971795238 9.26450560973944
4.46645904546025 3.56284529987379 9.27942078108135
4.4691525094718 3.48890624728205 9.29256542409237
4.47186014175888 3.4160115264599 9.30394815672161
4.47458357293552 3.34413228574947 9.31357496075855
4.47732443402902 3.27324165508032 9.32144931157239
4.48008436342894 3.20331456852137 9.32757228531514
4.48286501361387 3.13432760661813 9.33194264599539
4.485668057743 3.06625885580584 9.33455691436519
4.48849519619182 2.99908778262102 9.33540942017379
4.49134816310621 2.93279512078673 9.33449233901249
4.49422873304604 2.8673627695385 9.33179571469175
4.49713872778752 2.80277370179897 9.32730746784352
4.50008002335371 2.73901188101109 9.32101339122088
4.50305455734357 2.67606218560833 9.31289713196609
4.50606433663291 2.61391034024359 9.30294016093152
4.50911144552418 2.55254285302006 9.29112172896048
4.51219805442765 2.49194695807167 9.27741880986278
4.51532642916336 2.43211056293206 9.2618060296493
4.51849894098127 2.37302220021075 9.24425558141712
4.52171807740751 2.31467098316741 9.22473712509976
4.52498645403603 2.25704656484101 9.20321767111244
4.5283068273994 2.20013910045337 9.17966144672865
4.5316821090682 2.1439392128677 9.15402974381941
4.53511538114756 2.08843796094533 9.1262807463698
4.53860991336066 2.03362681071033 9.09636933595942
4.54216918193344 1.97949760930582 9.06424687315561
4.54579689052243 1.92604256181132 9.02986095252571
4.54949699345832 1.87325421109326 8.99315512873629
4.55327372161206 1.82112542098753 8.95406861098739
4.55713161122643 1.76964936327272 8.91253592285245
4.56107553609447 1.71881950909838 8.86848652449823
4.56511074350395 1.66862962580072 8.8218443943003
4.56924289440086 1.61907378039057 8.77252756714
4.57347810824985 1.57014635146798 8.72044762730068
4.57782301307527 1.52184205194436 8.66550915508192
4.58228480113933 1.4741559657969 8.60760912832467
4.58687129062961 1.42708360321894 8.54663628345204
4.59159099355126 1.38062098007248 8.48247044606975
4.59645318969228 1.33476472964267 8.41498184967075
4.60146800596752 1.28951225753206 8.34403047408809
4.60664649951296 1.24486195437259 8.26946545531324
4.61200074139773 1.20081348619181 8.19112464847684
4.61754389544209 1.15736818911987 8.10883447098134
4.62329028293733 1.1145296040281 8.02241021973315
4.62925541843303 1.07230419785378 7.93165715422311
4.63545599335846 1.03070233147418 7.83637277710634
4.6419097720854 0.989739547467472 7.73635093767974
4.64863534820829 0.949438260654053 7.63138863805607
4.65565168718249 0.909829930438742 7.52129672545576
4.6629773572595 0.870957758115431 7.40591594940261
4.67062933155355 0.832879852632382 7.28513999681383
4.67862124782812 0.795672599438188 7.15894677470482
4.68696107135432 0.759433604934646 7.02743786566359
4.69564826292496 0.724283081339239 6.8908831158838
4.70467083613941 0.690362040067786 6.74976251538394
4.7140030463788 0.657825575567858 6.60479208916886
4.7236046987978 0.626830397484141 6.45691789333292
4.7334229038371 0.597517830185109 6.30726700575018
4.7433963945924 0.569995989247017 6.15705808513247
4.75346151919201 0.544326110032121 6.00749080332031
4.76355834299562 0.520516830847204 5.85964262958389
4.77363537643252 0.498527198034396 5.71439692766167
4.78365215440081 0.478276198424159 5.57241210459443
4.7935797211665 0.459655270122368 5.43412714789438
4.80339960174953 0.442540609542839 5.29979098653482
4.81310197280795 0.426803336620316 5.16950234070993
4.82268361654155 0.412316833367592 5.04325009509657
4.83214602372211 0.398961407898971 4.92094855553747
4.84149381777082 0.386626823405045 4.80246543223269
4.85073354055363 0.375213309035753 4.6876425498411
4.85987276942881 0.364631590486918 4.5763103236046
4.86891950622637 0.354802347863724 4.46829735651374
4.87788177440511 0.345655382229663 4.36343644797568
4.88676736778719 0.337128671190121 4.2615680850383
4.89558370535464 0.329167421027392 4.16254223699929
4.90433775769769 0.321723174058234 4.06621904984389
4.91303602019959 0.314752998960313 3.97246885718281
4.92168451550394 0.308218773279887 3.88117178960211
4.93028881337183 0.302086556909237 3.79221716771887
4.93885406003179 0.296326049974659 3.70550279719138
4.94738501191805 0.290910126272276 3.62093423860559
4.95588607059988 0.285814432824574 3.53842409520747
4.96436131698216 0.281017046496359 3.45789134209099
4.97281454369538 0.276498179419844 3.37926070823378
4.98124928513178 0.272239925955164 3.30246211528353
4.98966884492127 0.268226044901503 3.22743017258465
4.99807632084466 0.264441771597507 3.15410372548674
5.00647462729836 0.260873655373958 3.08242545275905
5.01486651548647 0.257509418537638 3.01234150846792
5.023254591543 0.254337833676226 2.94380120364912
5.03164133279236 0.2513486165898 2.87675672332752
5.04002910235033 0.248532332586709 2.81116287478178
5.04842016225442 0.245880314242315 2.74697686334681
5.05681668529642 0.243384589019606 2.68415809244894
5.0652207657132 0.241037815400758 2.62266798495346
5.07363442887507 0.238833226386999 2.56246982325926
5.08205964009524 0.236764579397759 2.50352860589549
5.09049831266985 0.234826111745072 2.44581091865961
5.09895231524517 0.2330125009806 2.38928481858688
5.10742347859703 0.231318829514468 2.33391972925951
5.11591360189796 0.229740552990797 2.27968634615456
5.12442445853827 0.228273471977122 2.22655655089451
5.13295780156033 0.22691370658607 2.17450333340748
5.14151536875826 0.225657673699648 2.12350072112825
5.15009888748995 0.224502066510696 2.07352371447813
5.15871007924334 0.223443836133906 2.02454822795507
5.16735066399463 0.222480175071175 1.97655103624572
5.17602236439288 0.22160850234396 1.92950972484122
5.18472690980201 0.22082645012935 1.8834026446994
5.19346604022909 0.220131851757407 1.83820887054907
5.20224151016528 0.219522730945467 1.79390816247801
5.21105509236447 0.218997292160895 1.75048093048707
5.21990858158278 0.218553912017682 1.70790820172767
5.2288037983013 0.218191131624475 1.66617159017131
5.23774259245339 0.217907649812487 1.62525326848663
5.24672684717734 0.217702317181342 1.58513594192364
5.25575848261477 0.21757413090957 1.5458028240258
5.26483945977494 0.217522230284271 1.50723761400922
5.27397178448539 0.217545892911554 1.46942447566476
5.2831575114491 0.217644531575879 1.43234801765343
5.29239874842954 0.217817691722472 1.39599327507842
5.30169766058481 0.218065049542651 1.3603456922288
5.31105647497362 0.218386410647279 1.32539110639991
5.32047748525638 0.218781709318704 1.29111573270513
5.32996305661637 0.21925100833661 1.25750614980163
5.33951563092705 0.219794499378148 1.22454928646024
5.34913773219371 0.220412503997697 1.19223240891649
5.35883197229939 0.221105475196695 1.16054310894559
5.36860105708723 0.221873999599131 1.12946929261007
5.37844779281424 0.222718800253795 1.09899916963361
5.38837509301417 0.223640740090072 1.06912124335941
5.39838598581023 0.224640826060212 1.03982430125588
5.40848362172244 0.225720214007622 1.01109740593634
5.41867128201787 0.226880214307877 0.98292988666371
5.42895238765679 0.228122298337058 0.955311331314689
5.43933050889246 0.229448105830641 0.928231578781776
5.44980937558765 0.230859453205827 0.901680711795331
5.4603928883168 0.232358342930873 0.875649050151664
5.47108513032916 0.233946974036974 0.850127144337188
5.48189038045493 0.235627753881666 0.825105769543031
5.49281312704403 0.237403311287815 0.800575920069133
5.5038580830348 0.239276511199255 0.776528804122119
5.51503020225807 0.241250471013328 0.752955839017012
5.52633469709083 0.243328578772214 0.729848646799567
5.5377770575819 0.245514513419384 0.707199050313647
5.54936307218072 0.247812267355078 0.68499906974697
5.5610988502079 0.250226171555789 0.663240919698969
5.57299084621284 0.252760923557705 0.641917006826719
5.58504588636852 0.255421618643267 0.621019928139265
5.59727119705505 0.258213784613833 0.600542470027577
5.60967443578097 0.261143420580145 0.580477608137326
5.6222637245821 0.264217040256015 0.560818508215052
5.63504768601979 0.267441720299421 0.541558528085724
5.6480354818701 0.270825154308562 0.522691220951677
5.66123685454865 0.274375713147612 0.504210340239946
5.67466217124624 0.278102512346399 0.486109846267644
5.68832247065119 0.282015487387398 0.468383915043488
5.70222951199535 0.286125477758392 0.451026949578103
5.71639582597012 0.290444320703741 0.434033594135936
5.7308347668002 0.294984955642681 0.417398751926754
5.74556056441734 0.299761540226509 0.401117606803097
5.76058837521872 0.30478957895985 0.385185649598816
5.77593432929419 0.310086065188929 0.369598709808419
5.79161557122712 0.315669637026764 0.354352993360403
5.80765029057091 0.32156074739361 0.339445127269831
5.82405773682651 0.327781847736374 0.324872211951184
5.84085821214249 0.33435758406844 0.310631881910665
5.85807303297424 0.341315002632031 0.296722375387454
5.87572444953299 0.348683760593244 0.283142613233337
5.89383550902051 0.356496334574093 0.269892286851046
5.91242984544097 0.364788216330736 0.25697195427386
5.93153137539041 0.373598080338056 0.244383142358579
5.95116387603405 0.382967902338307 0.232128451452559
5.97135041919882 0.392943001115304 0.220211656639941
5.99211263529346 0.403571968236621 0.208637796642815
6.01346978435704 0.414906443162173 0.197413237594338
6.03543762127296 0.427000685633175 0.186545694339455
6.05802706081267 0.439910896329709 0.176044187128113
6.08124267817827 0.453694244151027 0.165918907567431
6.10508112300845 0.468407578423437 0.156180966227704
6.12952957674086 0.484105840421316 0.146841997766256
6.15456443636895 0.500840241296879 0.13791361046495
6.18015044674625 0.518656337452621 0.129406687397193
6.20624050861316 0.537592196269488 0.121330575235875
6.23277634219736 0.557676884868313 0.113692229142052
6.25969008039305 0.578929511367177 0.106495409273182
6.28690671608372 0.601358990084494 0.0997400355661527
6.31434717179148 0.624964595518491 0.0934217949234319
6.34193164309101 0.649737240487339 0.0875320587324156
6.36958282662896 0.675661297993846 0.0820581177802875
6.3972286888638 0.702716715907743 0.0769836907378424
6.42480454260623 0.730881162499559 0.072289625367518
6.45225433659732 0.760131982327644 0.0679546960407085
6.47953118980996 0.790447814796843 0.0639564065322165
6.50659729136585 0.821809807413103 0.0602717269705312
6.53342333108133 0.854202423558047 0.0568777198185076
6.5599876307777 0.887613891090085 0.0537520347009793
6.58627512553289 0.922036362268306 0.0508732715236024
6.61227631047794 0.957465861621161 0.0482212242263436
6.63798623296825 0.993902092561988 0.0457770242326536
6.66340357831351 1.03134816152475 0.0435232046792802
6.6885298725098 1.06981026445143 0.0414437055026984
6.7133688079537 1.1092973672819 0.0395238368276033
6.73792568699449 1.1498209010113 0.0377502148651914
6.76220697196549 1.19139448329992 0.0361106813163684
6.78621992758782 1.23403367242332 0.0345942144220987
6.80997234114136 1.27775575515777 0.0331908374425469
6.83347230662186 1.32257956756172 0.0318915284904439
6.85672806060224 1.36852534611425 0.0306881342418681
6.87974785926764 1.41561460595517 0.0295732890240976
6.9025398878438 1.46387004276482 0.0285403400567304
6.92511219524913 1.51331545492528 0.0275832791276426
6.94747264820923 1.5639756828803 0.0266966806600026
6.96962890026356 1.6158765629669 0.0258756459231578
6.99158837207484 1.66904489336861 0.0251157530225599
7.01335824024649 1.72350841020564 0.0244130122450734
7.0349454324873 1.77929577211228 0.023763826316451
7.05635662746326 1.83643655194787 0.0231649551335474
7.07759825806838 1.89496123454478 0.0226134845552606
7.09867651715152 1.95490121961525 0.02210679886661
7.11959736497215 2.01628882912339 0.0216425565653322
7.1403665378399 2.07915731858359 0.0212186691570473
7.16098955753257 2.14354089187651 0.0208332826816157
7.18147174119482 2.20947471928331 0.0204847617287451
7.20181821150148 2.2769949585317 0.0201716757346871
7.22203390693277 2.34613877872786 0.0198927873838012
7.24212359205694 2.41694438711872 0.0196470429689051
7.26209186775269 2.48945105869254 0.0194335645928689
7.28194318133303 2.56369916868552 0.0192516441211459
7.30168183655414 2.63973022811829 0.0191007388212338
7.32131200351094 2.71758692254354 0.0189804686508471
7.34083772843544 2.79731315424388 0.0188906151823283
7.36026294342581 2.87895408818105 0.0188311221770504
7.37959147614501 2.96255620206497 0.0188020978508408
7.39882705953703 3.04816734098605 0.0188038189004373
7.41797334161835 3.13583677713907 0.0188367363924002
7.4370338954116 3.22561527526425 0.0189014836506053
7.45601222909854 3.31755516454419 0.0189988863174251
7.47491179648048 3.41171041782766 0.0191299748081566
7.49373600784723 3.50813673920687 0.0192959994296004
7.5124882413702 3.60689166115988 0.0194984484936869
7.53117185515283 3.70803465268976 0.0197390698278039
7.54979020009214 3.81162724015589 0.0200198961676837
7.56834663373026 3.9177331428098 0.0203432750196507
7.5868445353046 4.02641842543089 0.020711903700914
7.60528732224195 4.13775167092158 0.0211288704146992
7.62367846838616 4.25180417628712 0.0215977023981213
7.64202152430337 4.36865017611701 0.0221224224035184
7.66032014007571 4.48836709853458 0.0227076150497445
7.67857809107706 4.61103585963027 0.0233585049233741
7.69679930732682 4.73674120369493 0.0240810487401931
7.7149879071459 4.86557209819023 0.024882044420313
7.73314823599962 4.99762219442464 0.0257692606198662
7.7512849116151 5.13299036746207 0.0267515911444588
7.7694028767179 5.27178135203185 0.0278392398067817
7.78750746106235 5.41410649534131 0.0290439427685827
7.80560445485309 5.56008465299181 0.0303792373441345
7.82370019620483 5.70984326104082 0.031860788804357
7.84180167600457 5.86351962614323 0.0335067901428394
7.85991666448458 6.02126248733633 0.035338454383813
7.87805386506677 6.18323391835154 0.0373806253161018
7.89622310271406 6.34961165964206 0.0396625412443745
7.91443555628121 6.52059199639007 0.0422187985304236
7.93270404742063 6.69639333502661 0.0450905789728705
7.95104340278196 6.87726067950833 0.0483272299328481
7.96947091197668 7.06347127393089 0.0519883224408357
7.98800691163417 7.25534176496206 0.0561463664759262
8.00667553654884 7.45323735062371 0.0608904441105118
8.02550569307768 7.65758352152107 0.0663311464416706
8.04453232764426 7.8688811515291 0.0726073958277356
8.06379808201402 8.08772579442862 0.0798960447650423
8.08335543644898 8.31483189100739 0.0884256373811621
8.10326940688875 8.55106159694249 0.0984965041328841
8.12362067412068 8.79745439411911 0.110510552682911
8.1445083510743 9.05524258497566 0.125015668758525
8.16604945044431 9.32580485580958 0.142770461207325
8.18836570382472 9.61041605600582 0.164829456925671
8.21153150770096 9.90941293812558 0.192614352668305
8.23542918991717 10.2200294672841 0.227815767336962
8.25950009264285 10.5328408927613 0.271781599466
8.27955077881416 10.7910350975372 0.316691281168852
8.29642411900561 11.0048157814275 0.361673788461001
8.31157021391273 11.1925016583585 0.408733140019673
8.32494547102551 11.353682488636 0.456445679724316
8.33680089903963 11.4919555257198 0.504287788353388
8.34742512929068 11.6113760874376 0.552177620987709
8.3570626101416 11.7153502359083 0.600199468771377
8.36636180338827 11.8111268148992 0.651098897272595
8.37469877254185 11.8926499090108 0.700919280105971
8.38273596209832 11.9668722277273 0.753028377308313
8.39002301268623 12.0300365967032 0.804024912676785
8.39707924942363 12.0870809994669 0.857060929583124
8.40385843514151 12.137710759069 0.911642468067658
8.4103457134226 12.1819951809025 0.967426407775009
8.41654489091814 12.2201979464113 1.02418436529808
8.42246990738997 12.2526694622141 1.08177106067519
8.42813946745379 12.2797837137349 1.14009911289617
8.43357384709267 12.3019041842107 1.1991201724226
8.4387931071047 12.3193674897857 1.25881141533223
8.4438161753775 12.3324771834532 1.31916620412795
8.44866044391609 12.3415030289907 1.38018781480284
8.45334165753525 12.3466829642693 1.44188533579746
8.4578739583572 12.3482261836124 1.50427106159728
8.46227000591793 12.3463164979467 1.56735889097197
8.46654112713006 12.3411155541561 1.63116338653452
8.47069747113536 12.3327657309781 1.69569926088104
8.47474815632496 12.3213926546549 1.7609811320351
8.47870140382813 12.3071073404871 1.82702344474435
8.48256465565825 12.2900079945101 1.89384049082716
8.48634467774813 12.2701815190281 1.96144648631052
8.49004764908684 12.2477047659499 2.02985567929454
8.49367923855706 12.2226455778556 2.09908247301558
8.49724467113916 12.1950636511931 2.16914155533943
8.50074878505729 12.1650112503054 2.24004803018992
8.50419608128282 12.1325337957474 2.31181754907898
8.50759076662965 12.0976703457834 2.38446644253633
8.5109367915019 12.0604539860923 2.45801185222596
8.51423788319586 12.0209121394843 2.53247186513582
8.51749757552214 11.9790668047491 2.60786565160143
8.52071923539905 11.9349347315152 2.68421360918019
8.52390608697413 11.8885275360932 2.76153751460046
8.52706123375498 11.8398517616247 2.83986068621497
8.53018767917096 11.7889088843835 2.91920815962231
8.53328834594179 11.7356952667041 2.99960687940938
8.53636609459673 11.6802020556909 3.08108591033003
8.53942374146587 11.6224150255235 3.1636766716934
8.54246407645509 11.5623143597669 3.2474131993098
8.5454898809151 11.4998743685543 3.33233244006027
8.54850394592552 11.4350631337683 3.41847458505062
8.55150909133589 11.3678420733194 3.50588344842225
8.55450818593971 11.2981654132171 3.59460690027469
8.55750416920585 11.2259795532196 3.68469736387411
8.56050007505801 11.1512223082854 3.77621238946522
8.56349905828024 11.0738220036358 3.86921531968082
8.56650442424156 10.9936963957161 3.9637760648933
8.56951966278117 10.9107513843878 4.05997201105297
8.57254848728865 10.8248794728754 4.15788908783006
8.57559488026214 10.7359579207702 4.25762303148769
8.57866314694837 10.6438465210801 4.35928088517733
8.58175797908135 10.5483849140383 4.46298278959934
8.58488453126533 10.4493893271369 4.56886412949958
8.58804851321806 10.3466486015624 4.67707811635701
8.59125630192417 10.2399193290437 4.78779890434799
8.59451507874603 10.1289198802454 4.90122535332375
8.59783299764134 10.0133230592371 5.01758556395948
8.60121939162849 9.89274707828202 5.13714230414013
8.60468502494028 9.76674454000817 5.26019939408983
8.60824239647055 9.63478920566692 5.38710895845115
8.61190609271507 9.49626067388161 5.51827904879161
8.61569316745629 9.35042805392972 5.65418018675852
8.61962347269249 9.19643611217503 5.79534721540015
8.62371974031213 9.03330301880814 5.94236807543213
8.62800693352962 8.85995147199622 6.09584102851017
8.63250981271261 8.6753208954069 6.25626239995298
8.63724671858874 8.4786511082292 6.42377803847521
8.64221697572135 8.2700561471967 6.59772354981913
8.64738233943056 8.05137380975416 6.77600855032154
8.65265403019254 7.82677519089859 6.95479840183057
8.65790582643945 7.60219791288383 7.1291850834713
8.66301350690206 7.38355441193944 7.29471092172307
8.66762032867322 7.18660789739868 7.4401642385358
8.67206745616415 6.99708486131056 7.57680758789129
8.6763141865564 6.81695790968787 7.70358225932073
8.68035290995373 6.64668738504335 7.82057580178551
8.68419463565473 6.48587069774061 7.92846470196487
8.68785885387432 6.33370423030648 8.02814829397816
8.6913675057228 6.18926074136475 8.12054602305092
8.69474185341007 6.0516345932955 8.20650235694565
8.69800110606257 5.92000636351838 8.28675271580039
8.70116200083835 5.79366338148273 8.36192010168147
8.70423885382576 5.6719984965612 8.43252515990652
8.70724381109527 5.55449950062015 8.49900071173284
8.71018716058137 5.44073563417985 8.56170651467693
8.71307763848437 5.33034423963218 8.62094249145452
8.71592270260124 5.22301883995886 8.67695989432171
8.71872876444062 5.11849902583601 8.72997042914281
8.72150138104793 5.01656211699885 8.78015358339847
8.7242454111647 4.91701639407798 8.82766246069672
8.72696514138942 4.81969564934675 8.87262841151602
8.72966438782741 4.72445481285517 8.91516471049053
8.73234657805026 4.63116644057967 8.95536948542654
8.73501481738863 4.53971788707587 8.99332806134434
8.73767194282091 4.45000901927963 9.02911484728729
8.74032056705682 4.36195035770996 9.06279486487366
8.74296311486607 4.2754615557406 9.09442499492339
8.74560185326047 4.19047014715343 9.12405500095948
8.7482389167892 4.1069105075622 9.15172837493503
8.75087632893457 4.02472298725928 9.17748304027066
8.75351602038417 3.94385318229314 9.20135193946232
8.75615984479197 3.86425131772452 9.22336352754873
8.75880959251437 3.7858717225166 9.24354218816028
8.76146700271017 3.70867237976977 9.26190858536108
8.76413377411714 3.63261453930845 9.27847996178478
8.76681157476011 3.55766238219319 9.29327039145702
8.76950205079937 3.4837827287369 9.30629099404732
8.77220683469305 3.41094478318041 9.31755011599186
8.77492755281966 3.3391199094295 9.32705348289316
8.77766583268512 3.26828143324626 9.33480432677247
8.78042330982261 3.19840446708153 9.34080349107771
8.78320163448008 3.12946575437344 9.34504951579981
8.78600247818135 3.06144353065498 9.34753870459465
8.78882754023905 2.99431739923477 9.3482651754269
8.79167855429312 2.92806821956138 9.3472208959282
8.79455729494535 2.86267800666644 9.34439570438323
8.79746558455889 2.79812984031857 9.33977731701288
8.80040530029194 2.73440778271744 9.33335132200523
8.80337838143599 2.67149680372332 9.32510116054613
8.80638683713176 2.60938271275749 9.31500809491586
8.80943275454026 2.54805209662892 9.30305116354191
8.81251830755165 2.48749226264485 9.28920712272631
8.81564576612159 2.42769118645301 9.27345037459527
8.81881750633326 2.36863746414197 9.25575288064629
8.82203602129336 2.31032026819694 9.23608406009009
8.82530393298242 2.2527293069743 9.21441067199956
8.828624005194 2.19585478741967 9.19069668008308
8.83199915771348 2.13968738081557 9.16490309869324
8.83543248190632 2.08421819140714 9.13698781846411
8.83892725790712 2.02943872782095 9.10690540974032
8.84248697362568 1.97534087726647 9.07460690172172
8.84611534581398 1.92191688259611 9.04003953500394
8.84981634346925 1.86915932240358 9.00314648495505
8.85359421388219 1.81706109446862 8.96386655314912
8.85745351167667 1.76561540301856 8.92213382390137
8.86139913122522 1.71481575048577 8.87787728285703
8.86543634286258 1.66465593471292 8.83102039463617
8.8695708333536 1.61513005291674 8.78148063682097
8.87380875109572 1.56623251419886 8.72916898823015
8.87815675654126 1.51795806303119 8.67398937066602
8.88262207829472 1.47030181700351 8.61583804546013
8.88721257525262 1.42325932328245 8.55460296965737
8.89193680496916 1.37682663980556 8.49016312227677
8.89680409809347 1.33100044937026 8.42238781983234
8.90182463814244 1.2857782176752 8.35113605376995
8.90700954491198 1.24115841029077 8.27625590301533
8.91237095827928 1.19714078880019 8.19758410585828
8.91792211670149 1.15372681333788 8.11494592185467
8.92367742091897 1.11092018782058 8.02815548323349
8.92965246758609 1.06872759550715 7.93701693573009
8.9358640289325 1.02715968577366 7.84132681226495
8.94232994210118 0.986232386453799 7.74087828120101
8.94906885461878 0.945968625242262 7.63546817031705
8.95609975048021 0.906400538509619 7.52490797488193
8.96344115704074 0.867572207090817 7.40904035139042
8.97110991446911 0.829542853296769 7.2877627158602
8.97911939555794 0.792390215297818 7.16105917652613
8.98747712744112 0.756213441127394 7.02904059598757
8.99618193154901 0.721134328455085 6.89198947862903
9.00522098875486 0.687295248701754 6.75040145431866
9.01456759647779 0.654852052410366 6.60500970836544
9.02418061336924 0.623961209620291 6.45677641062169
9.03400639299309 0.594762572988911 6.30684061523692
9.04398325868995 0.567361627829481 6.15642632727394
9.05404756793355 0.541816225481089 6.00673109157615
9.06413977583804 0.51813145419518 5.85882386038046
9.07420904165625 0.496263191956859 5.71357546995099
9.08421566042384 0.476127985676292 5.57163043547558
9.0941314224476 0.457615671154883 5.43341459137529
9.10393850451256 0.440601609410001 5.29916569284813
9.11362760534382 0.424956689038017 5.16897372134935
9.12319589653369 0.410554481935237 5.04282118235158
9.13264514087896 0.397275746260416 4.92061801329452
9.14198013903142 0.385010832005537 4.80222913148594
9.15120753833827 0.373660606383668 4.68749472930597
9.16033497005265 0.363136430163873 4.57624440293242
9.16937045445775 0.353359584252479 4.46830648068743
9.17832201020911 0.344260420544295 4.36351383472944
9.1871974118729 0.335777411698367 4.26170723381679
9.1960040508609 0.327856203331972 4.16273704392906
9.20474886602367 0.320448724633289 4.06646386097039
9.21343831954365 0.313512383455226 3.9727584825654
9.22207840110541 0.307009354093433 3.8815014936547
9.23067464876942 0.300905955967116 3.79258264601831
9.23923217888124 0.295172116348686 3.70590014637817
9.24775572007123 0.289780908150196 3.62135992355345
9.25624964825733 0.284708153305494 3.53887491600464
9.26471802080466 0.2799320827043 3.45836440230624
9.27316460880895 0.275433044470643 3.37975338525348
9.28159292699205 0.271193253364512 3.30297203307467
9.29000626102314 0.267196575075786 3.22795517697587
9.29840769227549 0.263428340099915 3.15464186190576
9.30680012014012 0.259875182704039 3.08297494628067
9.31518628207619 0.256524901202453 3.01290074598654
9.3235687716027 0.253366336365636 2.94436871797553
9.33195005444029 0.250389265297598 2.87733117901177
9.34033248300504 0.247584308543927 2.81174305547419
9.34871830944252 0.244942848549718 2.74756166052396
9.35710969737427 0.242456957883681 2.68474649534809
9.36550873251156 0.240119335891998 2.6232590715752
9.37391743227487 0.237923252651424 2.56306275231418
9.3823377545419 0.235862499262734 2.50412260958515
9.39077160563252 0.233931343669038 2.44640529619546
9.39922084762655 0.232124491303478 2.38987893036232
9.40768730509893 0.230437049971521 2.33451299160103
9.41617277134676 0.228864498457821 2.28027822658675
9.42467901417437 0.227402658419156 2.2271465638619
9.43320778129474 0.226047669185457 2.17509103640325
9.44176080539939 0.224795965142368 2.12408571118563
9.45033980894314 0.223644255412558 2.07410562498607
9.45894650868527 0.222589505590427 2.02512672576388
9.46758262002465 0.221628921316903 1.97712581903278
9.47624986116281 0.220759933508656 1.93008051871025
9.48494995712594 0.219980185079864 1.88396920198976
9.49368464367429 0.219287519015297 1.83877096783428
9.50245567112533 0.21867996767145 1.79446559873515
9.5112648081154 0.218155743198135 1.75103352542051
9.52011384532292 0.217713228986676 1.70845579423263
9.52900459917542 0.217350972062979 1.66671403692414
9.53793891556149 0.217067676354464 1.62579044265023
9.54691867356839 0.216862196769419 1.58566773195756
9.55594578926557 0.216733534035895 1.54632913259171
9.56502221955412 0.216680830254987 1.50775835696328
9.57414996610241 0.216703365130405 1.46993958112951
9.58333107938821 0.216800552842678 1.43285742516223
9.59256766286825 0.216971939542351 1.39649693478645
9.60186187729649 0.217217201442133 1.36084356418494
9.61121594521373 0.217536143493295 1.32588315987459
9.62063215563162 0.217928698636746 1.29160194556958
9.63011286893598 0.218394927624182 1.25798650795424
9.63966052203538 0.21893501940967 1.22502378329644
9.64927763378297 0.219549292116927 1.19270104483846
9.65896681070131 0.2202381945926 1.1610058909088
9.66873075304241 0.221002308561017 1.12992623370354
9.67857226121759 0.221842351401246 1.09945028869122
9.68849424263467 0.222759179573033 1.06956656459964
9.69849971898325 0.223753792724225 1.04026385394756
9.70859183401239 0.224827338518848 1.01153122408807
9.71877386184894 0.225981118232144 0.983358008734773
9.72904921590921 0.227216593166629 0.9557337999451
9.73942145846142 0.228535391951875 0.928648440539425
9.74989431090194 0.229939318800207 0.902092016937917
9.76047166481372 0.231430362801163 0.876054852401148
9.77115759388214 0.233010708349383 0.850527500664361
9.78195636674999 0.23468274681394 0.825500739959614
9.79287246090093 0.236449089572081 0.800965567424626
9.8039105776683 0.238312582547192 0.776913193902285
9.81507565847483 0.24027632240983 0.753335039140541
9.82637290241697 0.242343674622142 0.730222727408991
9.83780778531626 0.244518293530209 0.707568083555988
9.84938608036879 0.24680414473624 0.685363129538942
9.86111388053163 0.249205530013377 0.663600081470687
9.87299762279177 0.25172711506059 0.642271347236889
9.88504411446834 0.254373960434122 0.621369524753612
9.89726056170081 0.257151556035481 0.60088740095088
9.90965460027356 0.260065859584461 0.580817951587751
9.92223432891897 0.26312333955917 0.561154342027541
9.93500834522403 0.266331023143632 0.541889929128957
9.94798578423633 0.269696549786793 0.523018264440536
9.96117635981995 0.273228231044046 0.50453309892249
9.97459040874444 0.276935117442076 0.486428389462282
9.988238937393 0.280827073177609 0.468698307498426
10.0021336708407 0.284914859526568 0.451337250121151
10.0162871038665 0.289210227896421 0.434339854078587
10.0307125532104 0.293726023492411 0.417701013182162
10.0454242100461 0.29847630057559 0.401415899673428
10.0604371911928 0.303476450249188 0.385479990183725
10.0757675869958 0.308743341595172 0.36988909698367
10.0914325030408 0.314295476760381 0.354639405274464
10.107450091876 0.320153160214384 0.339727517307713
10.1238395696573 0.326338681806102 0.325150504120107
10.1406212110446 0.33287651234965 0.310905965613201
10.1578163137122 0.339793509164168 0.29699209956715
10.1754471214473 0.34711912714289 0.283407779908886
10.1935366919885 0.354885628373119 0.27015264410249
10.212108692549 0.363128279894448 0.257227188814016
10.2311871025573 0.371885524699211 0.24463287192225
10.2507957998868 0.381199105437791 0.232372217373349
10.2709580044381 0.39111411353416 0.220448917167269
10.2916955524884 0.401678928885118 0.208867921783866
10.3130279784655 0.412945007863218 0.197635506541271
10.3349713900313 0.424966471594899 0.186759296836549
10.3575371403602 0.437799445078041 0.176248230391282
10.380730330815 0.451501104329678 0.166112430492506
10.4045482189883 0.466128407734314 0.156362962473223
10.4289786589361 0.481736522796134 0.147011448707112
10.4539987543858 0.498377011411999 0.138069527855309
10.479573946818 0.516095900654594 0.129548163855207
10.5056577685139 0.534931829073842 0.121456838604267
10.5321924470374 0.55491450081558 0.11380269489965
10.5591104447281 0.576063680145192 0.106589724158139
10.5863368680956 0.59838890437121 0.0998181060088441
10.6137925232916 0.621889988536893 0.0934837959353248
10.6413972721084 0.646558265424005 0.087578422110007
10.669073296374 0.672378385882739 0.0820895019414951
10.6967479190619 0.699330430025566 0.0770009372194616
10.7243557392107 0.727392064934085 0.0722937083348904
10.7518399766101 0.756540523500764 0.0679466710072682
10.7791530513635 0.786754251093471 0.0639373632357555
10.8062565160574 0.818014147130913 0.0602427495879057
10.8331205053831 0.850304397941125 0.0568398559514607
10.8597228751809 0.883612945387419 0.0537062731687168
10.8860481828638 0.917931661287176 0.0508205280773655
10.9120866277156 0.953256304677747 0.0481623338287068
10.9378330333993 0.989586333632666 0.0457127384137503
10.9632859227722 1.02692463144283 0.0434541925709199
10.9884467097547 1.06527719297079 0.0413705573542111
11.0133190150202 1.10465280364067 0.0394470690489953
11.0379081007587 1.14506273224659 0.0376702758777262
11.0622204132861 1.18652045000123 0.0360279576945726
11.0862632193559 1.22904138189842 0.0345090369760916
11.1100443214448 1.27264269215674 0.0331034870160004
11.1335718380647 1.31734310279483 0.0318022413421805
11.1568540366469 1.36316274283509 0.0305971069444126
11.1798992083067 1.41012302488158 0.029480682856657
11.2027155755639 1.45824654559184 0.028446284898554
11.2253112257275 1.50755700665592 0.0274878768749498
11.247694064086 1.55807915316845 0.026600008199085
11.2698717822489 1.60983872663455 0.0257777576964135
11.2918518379907 1.66286243023083 0.0250166832249463
11.313641443749 1.71717790431015 0.0243127766870549
11.3352475615811 1.77281371047812 0.0236624239868625
11.3566769028875 1.82979932286826 0.0230623694924783
11.3779359316127 1.88816512550316 0.0225096845834717
11.3990308699428 1.94794241484968 0.0220017398943573
11.419967705762 2.00916340686322 0.0215361808999287
11.4407522013102 2.07186124797239 0.0211109065251101
11.461389902633 2.13607002958701 0.0207240504987458
11.4818861495176 2.20182480582251 0.0203739652063734
11.5022460856972 2.2691616142279 0.0200592078309602
11.5224746691672 2.33811749938485 0.0197785286026468
11.5425766825057 2.40873053931633 0.019530861008768
11.5625567431309 2.4810398747069 0.0193153138439886
11.5824193134539 2.55508574099565 0.0191311650076165
11.6021687109105 2.63090950345921 0.0189778569813769
11.6218091178721 2.70855369545857 0.0188549939465857
11.6413445914516 2.78806206008041 0.0187623405252022
11.6607790732302 2.86947959546498 0.0186998221551835
11.6801163989448 2.95285260417802 0.0186675271374756
11.6993603081816 3.03822874705796 0.018665710420483
11.7185144541323 3.12565710205217 0.0186947992186865
11.7375824134804 3.21518822865103 0.0187554005960471
11.7565676964903 3.30687423863873 0.0188483111829142
11.7754737573888 3.40076887400804 0.0189745292385013
11.7943040051344 3.49692759303819 0.0191352693209755
11.8130618146904 3.59540766571391 0.0193319798855202
11.8317505389301 3.69626827987795 0.0195663641994297
11.8503735213236 3.79957065976461 0.0198404050449429
11.868934109583 3.90537819886941 0.020156393778309
11.8874356704654 4.01375660948099 0.020516964431523
11.9058816059748 4.12477409165046 0.0209251336863578
11.9242753712438 4.23850152492115 0.0213843477252476
11.9426204944271 4.35501268680983 0.0218985371785751
11.9609205990072 4.47438450285191 0.02247218165377
11.9791794289891 4.59669733403544 0.0231103856623815
11.9974008775605 4.72203530870343 0.023818968175364
12.0155890199178 4.85048670756656 0.0246045685585898
12.0337481511125 4.98214441242427 0.0254747723025492
12.0518828299656 5.11710643165405 0.0264382608059805
12.069997930348 5.25547651864497 0.0275049905620197
12.0880987014366 5.39736490331962 0.0286864085084492
12.1061908389639 5.54288916197297 0.0299957121528924
12.1242805700041 5.69217525721288 0.0314481655260369
12.1423747545205 5.84535878829804 0.0330614852726043
12.1604810078039 6.00258650329129 0.0348563155774144
12.1786078491209 6.1640181390795 0.0368568166009075
12.1967648834862 6.32982867468973 0.0390913993372973
12.2149630256169 6.50021110914762 0.0415936513093733
12.2332147780336 6.67537990968961 0.0444035137865437
12.2515345792411 6.85557532255962 0.0475687945705918
12.2699392433566 7.04106880093489 0.0511471344383844
12.2884485200058 7.23216988761138 0.0552085957586108
12.307085813461 7.42923499877891 0.0598391177594731
12.3258791135469 7.63267869118551 0.0651451993161339
12.3448622080374 7.84298814723011 0.07126035146441
12.3640762653606 8.06074173050338 0.0783541485385301
12.3835718890599 8.28663238272976 0.0866451643844326
12.4034117229447 8.52149585964564 0.0964198082026692
12.4236735383741 8.76634090928488 0.108060194950816
12.4444531890799 9.02236933817136 0.12208570856362
12.4658650522334 9.29094648227603 0.13921406621242
12.4880322224172 9.57340343485563 0.160444050569524
12.5110441498332 9.87034481246682 0.187135490091586
12.5348318971539 10.1797634553446 0.220960344618231
12.5589279304944 10.4935755849179 0.263401495623688
12.5805139418473 10.77253154919 0.31031506346384
12.5979935553145 10.9948674993606 0.355987482370094
12.6135138466062 11.1880166616292 0.403472594944154
12.6271261675863 11.3528085526512 0.451433093246666
12.6391388670044 11.4936023251684 0.499409516180993
12.6498731686135 11.6148900341723 0.547363771074117
12.6595916955253 11.7203225651625 0.595407698087836
12.6684935420407 11.8126601294924 0.64368116427486
12.6771136177361 11.8976787704442 0.694687289600912
12.6849203865408 11.9704652578716 0.744827543379564
12.6924715815321 12.0366341638634 0.79718771871512
12.6997076968078 12.0957277793886 0.851202589453277
12.7066089464264 12.1477726938136 0.906475250758662
12.713179226271 12.193058331578 0.962740112491571
12.7194352260547 12.2319939527556 1.01982814712332
12.7253995615589 12.2650240680391 1.07763813120184
12.7310967097205 12.2925826552858 1.13611464461009
12.7365507618086 12.3150711838689 1.19523213132556
12.7417842943489 12.3328503057231 1.25498381524595
12.7468178956188 12.3462388629304 1.31537424714099
12.7516700576886 12.3555164576119 1.37641444432971
12.756357258966 12.3609274759566 1.43811881952841
12.7608941352775 12.3626854482143 1.50050331107516
12.7652936823664 12.3609771970525 1.56358430070776
12.7695674594287 12.3559665421832 1.6273780357135
12.7737257788244 12.3477974952758 1.69190036608507
12.7777778758294 12.3365969606101 1.75716667263796
12.7817320570008 12.322476992013 1.82319190648273
12.7855958281077 12.3055366674339 1.88999068990891
12.7893760036446 12.2858636414183 1.9575774482096
12.7930788002906 12.2635354294581 2.02596655455392
12.7967099166599 12.2386204702372 2.09517247800506
12.8002746014911 12.2111790038687 2.16520992976701
12.8037777121634 12.1812637970782 2.23609400578877
12.8072237651586 12.1489207401765 2.30784032567213
12.8106169798363 12.1141893355711 2.38046516888282
12.8139613166698 12.0771030933913 2.45398560986053
12.8172605109029 12.0376898463853 2.52841965395411
12.8205181024301 11.9959719934569 2.60378637630047
12.8237374625783 11.9519666788931 2.68010606589731
12.8269218183628 11.9056859123968 2.7574003772426
12.8300742747102 11.8571366333575 2.83569249205966
12.8331978350777 11.806320721311 2.91500729381949
12.8362954208487 11.7532349531626 2.99537155803031
12.8393698898521 11.6978709064288 3.07681416160296
12.8424240543268 11.6402148064243 3.15936631503869
12.8454606986443 11.5802473139223 3.2430618217423
12.8484825970975 11.5179432483 3.32793736946279
12.8514925320748 11.4532712394563 3.41403285973842
12.854493312958 11.3861932998007 3.50139178231133
12.8574877961148 11.3166643052455 3.59006164283144
12.8604789064046 11.2446313712815 3.68009445385481
12.8634696606785 11.1700331067235 3.77154730124273
12.866463193843 11.0927987233856 3.86448300069178
12.8694627881641 11.0128469745447 3.95897086240921
12.8724719066376 10.930084888242 4.05508758606653
12.8754942314359 10.8444062528567 4.15291831333281
12.8785337086871 10.7556898014126 4.25255787177505
12.8815946011513 10.6637970270808 4.35411225202607
12.8846815507653 10.5685695444588 4.45770037020053
12.8877996535405 10.4698258884455 4.56345617989056
12.8909545499569 10.367357613795 4.67153121281533
12.8941525348112 10.2609245228381 4.78209764392206
12.897400691465 10.1502488063775 4.89535199373534
12.9007070565387 10.0350078359312 5.01151959335757
12.9040808221271 9.91482530327255 5.13085993448885
12.9075325830418 9.78926038990615 5.25367298245386
12.9110746351032 9.65779472476837 5.38030638707685
12.9147213239683 9.51981719544431 5.51116315722033
12.9184894250745 9.37460754744438 5.64670848968516
12.922398487216 9.22132189460097 5.7874724494449
12.9264709576432 9.05898845750928 5.93404078214799
12.9307316474295 8.88653356292112 6.0870167316994
12.9352055576379 8.70288227546917 6.24691832872357
12.9399121713896 8.5072196046607 6.41394702696428
12.9448535852125 8.29953236699495 6.58754958607303
12.9499962534657 8.08144622312207 6.76580312958212
12.9552564739252 7.85690550727883 6.9450302136197
12.9605102167525 7.63175425969334 7.12035429802763
12.9656310562228 7.41201352438837 7.28718911045229
12.9702596173141 7.21361328324934 7.43413977905814
12.9747296272264 7.02257764574708 7.5722704324721
12.9789978896993 6.84100161536009 7.70043141745144
12.9830554962818 6.66940982212764 7.81867016397409
12.986913035834 6.50742105140377 7.92765700794121
12.9905900828052 6.3542282321719 8.02830278686866
12.99410889366 6.20888917119127 8.12154522617942
12.9974911159409 6.07047967730121 8.20824795750548
13.0007563331475 5.93816216526711 8.28916379710469
13.003921612197 5.81120787214948 8.36493049583418
13.0070015452998 5.68899609389978 8.436080767643
13.0100085033758 5.57100351335495 8.50305713209202
13.0129529546819 5.45679039251857 8.56622707929218
13.0158437789276 5.34598686059583 8.62589668895258
13.018688547799 5.23828065013194 8.68232213019421
13.0214937632122 5.13340669082348 8.73571905828972
13.0242650541417 5.03113853144681 8.78627015760494
13.0270073367497 4.9312813813865 8.83413114268651
13.0297249436499 4.83366651240363 8.87943551698847
13.032421727962 4.73814676907939 8.92229834816507
13.0351011471273 4.64459296742106 8.96281927217041
13.037766330633 4.55289099820674 9.00108489499863
13.0404201350056 4.46293948701008 9.03717072405543
13.0430651887502 4.37464789350276 9.07114273135046
13.0457039293436 4.2879349578985 9.10305862725486
13.0483386339351 4.20272742262211 9.13296890542743
13.0509714450481 4.11895897317928 9.16091770560868
13.0536043922956 4.03656935456086 9.18694353037693
13.0562394109041 3.95550362906709 9.2110798438847
13.0588783576748 3.87571154879986 9.2333555744375
13.0615230248768 3.7971470217456 9.2537955380714
13.0641751524716 3.71976765475124 9.27242079667409
13.0668364389876 3.64353436008716 9.28924896140604
13.0695085513032 3.56841101492696 9.30429445001401
13.0721931335527 3.49436416513343 9.31756870493561
13.0748918153305 3.42136276635732 9.32908037775992
13.0776062193426 3.34937795673307 9.33883548454858
13.0803379686306 3.27838285647127 9.34683753567283
13.0830886934785 3.20835239045913 9.353087643134
13.0858600380979 3.13926313063374 9.35758460777383
13.0886536671773 3.0710931554218 9.36032498831654
13.0914712723759 3.00382192396973 9.36130315379677
13.0943145788335 2.93743016324164 9.36051132059845
13.0971853517691 2.87189976635278 9.35793957504677
13.1000854032354 2.80721370074789 9.35357588224798
13.103016599099 2.7433559250344 9.34740608165079
13.1059808663156 2.68031131344983 9.33941386960316
13.1089802005731 2.61806558708478 9.32958076899132
13.1120166743788 2.55660525110508 9.31788608587127
13.1150924456725 2.49591753732031 9.30430685283115
13.1182097670541 2.43599035153721 9.28881775865229
13.1213709957225 2.37681222521598 9.27139106366496
13.1245786042317 2.31837227101925 9.25199650001771
13.1278351921838 2.26066014190922 9.23060115589494
13.1311434989898 2.20366599351062 9.20716934252401
13.1345064178471 2.14738044951758 9.18166244260773
13.1379270111013 2.0917945699847 9.15403873860159
13.1414085271783 2.03689982240769 9.1242532190258
13.1449544193015 1.98268805557225 9.0922573607629
13.1485683662318 1.92915147623368 9.0579988850469
13.152254295303 1.87628262879026 9.0214214846072
13.1560164080548 1.8240743782377 8.98246451920416
13.1598592088057 1.77251989684795 8.94106267660684
13.1637875365451 1.72161265521658 8.89714559595181
13.1678066005611 1.67134641858446 8.85063745044267
13.1719220202585 1.62171524968361 8.80145648658807
13.1761398696437 1.57271351981458 8.74951451776225
13.1804667269673 1.52433593047427 8.69471637100442
13.1849097299865 1.4765775486756 8.6369592879485
13.1894766372386 1.42943386021124 8.57613228404058
13.194175895547 1.38290084661858 8.51211547542772
13.1990167136731 1.33697509364555 8.44477939109088
13.2040091414935 1.29165394178838 8.3739843004409
13.2091641531858 1.24693569322449 8.29957960591128
13.2144937314654 1.20281989451212 8.22140337931406
13.2200109476264 1.1593077211445 8.13928216456982
13.2257300285811 1.11640249880477 8.05303123450608
13.2316663966487 1.0741104072047 7.96245558469903
13.2378366597009 1.03244142546593 7.86735208405613
13.2442585174364 0.991410591701037 7.76751339203581
13.2509505330709 0.951039659801276 7.66273450392793
13.2579316983433 0.911359234483581 7.55282308965937
13.2652206953592 0.872411433692992 7.43761509617749
13.2728347384811 0.834253034713043 7.31699724554343
13.2807878799802 0.796958861871106 7.19093777805071
13.2890887156046 0.760624823470898 7.05952554923078
13.2977375736139 0.725369503052789 6.92301475863356
13.306723544248 0.691332695451951 6.78186787735439
13.3160220664004 0.658669132925831 6.63678378748025
13.3255940561333 0.62753642841833 6.48869505529566
13.3353874463957 0.598078253863677 6.33872232939759
13.34534133094 0.570406305198606 6.18808705475722
13.3553918991782 0.544586048422796 6.03800075342646
13.3654786160183 0.520630263559037 5.88955938142359
13.375549117791 0.498501427916321 5.74366780185591
13.385561977447 0.478120914288535 5.60100547802032
13.3954873360315 0.459381464740526 5.46202962273506
13.4053059592737 0.442159661881335 5.32700344978924
13.415007438254 0.426326342324099 5.19603592934333
13.4245881359271 0.411754181253793 5.0691226652285
13.4340492639922 0.398322556598977 4.94618189399924
13.4433952752332 0.385920220856567 4.82708321741628
13.4526326194803 0.374446403430001 4.71166895470796
13.4617688359448 0.36381089339994 4.59976911814865
13.4708119232834 0.35393352255154 4.49121137340286
13.4797699230656 0.344743339995008 4.38582729873357
13.4886506590373 0.336177665875371 4.28345604117506
13.497461585619 0.328181136436431 4.18394621464723
13.5062097103354 0.320704802066475 4.08715665564961
13.5149015645576 0.313705307799339 3.9929564674428
13.5235432045847 0.307144166416833 3.90122464470446
13.5321402308021 0.300987123387442 3.81184947083762
13.5406978167652 0.29520360724391 3.72472781074782
13.5492207429326 0.289766256542213 3.63976437496211
13.5577134317392 0.284650513901269 3.55687099991323
13.5661799820174 0.279834277955047 3.47596596912553
13.574624201639 0.275297604851489 3.39697338735056
13.5830496378084 0.271022451914104 3.31982261191134
13.5914596047854 0.26699245708178 3.24444774091605
13.5998572090255 0.26319274867881 3.17078715544208
13.6082453718505 0.259609780904301 3.09878311150983
13.6166268498224 0.256231191157908 3.02838137716387
13.625004253026 0.253045675940191 2.95953090993701
13.633380061468 0.250042882590473 2.89218357018834
13.6417566397985 0.247213314564729 2.82629386615093
13.6501362505439 0.24454824832296 2.76181872692447
13.6585210660278 0.242039660201096 2.69871730005515
13.6669131791364 0.239680161896719 2.6369507707355
13.6753146130697 0.237462943409597 2.57648220001797
13.6837273302039 0.235381722454438 2.51727637976119
13.6921532401748 0.233430699510548 2.45929970231754
13.700594207281 0.231604517796336 2.40252004322507
13.7090520572916 0.22989822755998 2.34690665538937
13.7175285837355 0.228307254164509 2.29243007343448
13.7260255537394 0.226827369518894 2.23906202706996
13.734544713473 0.225454666468812 2.18677536246649
13.7430877932556 0.224185535813362 2.13554397075854
13.7516565123707 0.223016645658891 2.08534272290157
13.7602525836302 0.221944922859339 2.0361474102056
13.7688777177272 0.220967536325333 1.98793468994888
13.7775336274115 0.220081882012475 1.94068203554664
13.786222031519 0.219285569423588 1.89436769081135
13.7949446588837 0.218576409480786 1.84897062789492
13.8037032521589 0.217952403641504 1.80447050855007
13.8124995715734 0.217411734148662 1.76084764838909
13.8213353986441 0.216952755319077 1.71808298385392
13.8302125398687 0.216573985786631 1.67615804164297
13.8391328304198 0.216274101627556 1.63505491036773
13.8480981378595 0.216051930304939 1.59475621423615
13.8571103658971 0.21590644537822 1.55524508858174
13.8661714582068 0.215836761931299 1.51650515707545
13.8752834023291 0.215842132679974 1.47852051047473
13.8844482336724 0.215921944725968 1.44127568677866
13.8936680396383 0.216075716930823 1.40475565267109
13.9029449638902 0.216303097888589 1.36894578614573
13.9122812107878 0.216603864481582 1.33383186021726
13.9216790500103 0.216977921008598 1.29940002763205
13.9311408213927 0.217425298879938 1.26563680650022
13.9406689400008 0.217946156878516 1.23252906677865
13.9502659014721 0.218540781991167 1.20006401754088
13.9599342876522 0.219209590819289 1.16822919497628
13.9696767725579 0.219953131582976 1.13701245106644
13.9794961287006 0.220772086738134 1.10640194289163
13.9893952338075 0.221667276231627 1.07638612252526
13.9993770779797 0.22263966142543 1.04695372747817
14.0094447713311 0.223690349727167 1.01809377165924
14.0196015521545 0.224820599971307 0.989795536822166
14.029850795667 0.226031828602907 0.962048564472611
14.0401960233912 0.227325616724081 0.934842648213021
14.0506409132318 0.22870371807266 0.908167826506627
14.0611893103176 0.230168068012741 0.882014375845556
14.0718452386793 0.231720793628324 0.856372804312058
14.0826129138449 0.233364225024099 0.831233845525942
14.0934967564396 0.235100907951919 0.806588452975801
14.1045014068854 0.236933617897755 0.782427794736568
14.1156317413028 0.238865375782332 0.758743248581484
14.1268928887279 0.240899465449369 0.735526397502818
14.1382902497639 0.243039453138789 0.712769025662961
14.1498295167972 0.245289209168683 0.690463114805847
14.1615166959147 0.247652932079696 0.668600841168464
14.173358130667 0.250135175529082 0.64717457294369
14.1853605278289 0.252740878259455 0.626176868359194
14.1975309853085 0.255475397509557 0.605600474453044
14.2098770223601 0.25834454628147 0.58543832664544
14.2224066122458 0.261354634930916 0.565683549228049
14.2351282174788 0.264512517604575 0.546329456918325
14.2480508277561 0.267825644110547 0.527369557656511
14.2611840006474 0.271302117874605 0.508797556858202
14.2745379050473 0.27495076070441 0.490607363376016
14.2881233673115 0.278781185154355 0.472793097470413
14.3019519198716 0.282803875351739 0.455349101142236
14.3160358519568 0.287030277205376 0.438269951238076
14.3303882618127 0.291472898962771 0.421550475803504
14.345023109501 0.296145423100399 0.405185774227168
14.3599552689422 0.301062830507443 0.389171241788533
14.3752005773188 0.306241537833819 0.373502599289562
14.3907758792412 0.311699548687209 0.358175928510137
14.406699062153 0.317456619037873 0.343187714269322
14.4229890782738 0.323534436666055 0.328534893886823
14.4396659468812 0.329956813687335 0.314214914802229
14.4567507288742 0.33674989001543 0.300225800997124
14.4742654632848 0.343942343942423 0.286566228639081
14.4922330526839 0.351565603678753 0.273235610974304
14.510677081304 0.359654050524732 0.26023419186512
14.5296215462881 0.368245200165611 0.247563146403953
14.5490904790881 0.377379843258023 0.235224685615535
14.5691074312509 0.387102119991143 0.223222160242246
14.5896947976441 0.397459495896067 0.211560155851595
14.6108729521226 0.408502598523198 0.200244567915393
14.6326591778944 0.420284868091488 0.189282641129834
14.6550663901065 0.432861972176556 0.178682952401604
14.6781016741964 0.44629093837535 0.168455312424452
14.701764702071 0.46062897392141 0.158610558097412
14.7260461380714 0.475931971529325 0.149160209415483
14.7509262017366 0.49225274828061 0.14011597257536
14.7763736015069 0.509639126128707 0.131489088135864
14.8023450734819 0.528132028059601 0.123289549460934
14.8287857317646 0.547763814745881 0.115525249011442
14.8556303498356 0.568557100749262 0.108201140588918
14.8828055527364 0.590524250463378 0.101318523702901
14.9102327379705 0.613667661207033 0.0948745523792113
14.9378314050473 0.637980813914228 0.0888620418246165
14.9655225027671 0.663449945607932 0.083269598519576
14.9932314202575 0.690056108012304 0.0780820460759022
15 0.69673228405611 0.0768725152312482
