0 3.04159265358979 0
0.125 3.03769291075203 -0.061420949694826
0.247249551951749 3.02642400749353 -0.124280012053406
0.349964406374387 3.01079154313623 -0.182643934094822
0.434845154684409 2.99310381895366 -0.236836284035384
0.510334448450065 2.97328622729078 -0.291057441022828
0.576679430418971 2.95229283229541 -0.34453225115081
0.635501258522084 2.93054814096419 -0.397363050185816
0.688390035922154 2.90820611915873 -0.449887627844438
0.736589016605369 2.88530943498718 -0.502437924891363
0.783185919662226 2.86065777758883 -0.557967677177119
0.825240074314502 2.83609042273608 -0.61249045662631
0.865877659859076 2.81008497574903 -0.66950917683161
0.904786832721909 2.78292978762548 -0.728429583491222
0.941875734977947 2.75483123157863 -0.788839771525627
0.977182439003991 2.72592733528064 -0.850470891246068
1.01081440323291 2.696302724766 -0.913160586787724
1.04291070544727 2.66600194700421 -0.976822869773393
1.07361998766763 2.63504008582273 -1.04142516901057
1.10308849228633 2.6034106033855 -1.10697182691564
1.13145424674201 2.571090781361 -1.17349279350926
1.15884482672175 2.53804525240539 -1.24103625078175
1.18537710482268 2.50422807554534 -1.30966409390947
1.21115803656767 2.46958371594333 -1.37944944404549
1.23628594212236 2.43404718755319 -1.4504755988814
1.26085199031798 2.39754352491117 -1.52283601755748
1.28494173998011 2.35998667196286 -1.59663508371355
1.30863668117562 2.32127780917801 -1.67198950105372
1.33201577084219 2.28130308057046 -1.74903025809206
1.35515698890705 2.23993062428371 -1.82790515959058
1.37813896176248 2.1970067490612 -1.90878196476615
1.40104271481384 2.15235103049853 -1.99185219317983
1.4239536257439 2.10575002588163 -2.07733564193578
1.44696365036138 2.05694923674043 -2.16548555827255
1.47017386666069 2.00564292817268 -2.25659412299264
1.49369728473743 1.95146157384779 -2.35099717002837
1.51766158497946 1.89395739328998 -2.44907530223947
1.5422106876895 1.8325906300899 -2.55124438336331
1.56750214498319 1.76672527504133 -2.65791873469921
1.59369288098506 1.6956582524828 -2.76940952380984
1.62089713066458 1.61873896523187 -2.88568423001129
1.64909205478296 1.53567896471869 -3.00589013341697
1.6779719718873 1.44709865108411 -3.12769970332913
1.70686670928232 1.35497969011694 -3.24708820007229
1.73334219730743 1.26758422505704 -3.35320828544062
1.75740413051837 1.18576081725437 -3.44603160608597
1.77931195317137 1.10936047698272 -3.52682578047409
1.80046385968706 1.03395709914162 -3.60085170366199
1.81945484317477 0.964960909208005 -3.6634924177325
1.83778318541047 0.897278645474878 -3.72010964987818
1.85533460652664 0.831526723690653 -3.7704422370095
1.8721019660775 0.76791948118223 -3.81467638900982
1.8881345115806 0.706436695047115 -3.85320079349238
1.90350600331114 0.646937612518034 -3.88646328688776
1.9182966855744 0.589230798281932 -3.91489745798231
1.93258410076228 0.533113327499327 -3.93889094774697
1.94643906034919 0.478390772982688 -3.95877608353704
1.95992440787364 0.424885999471998 -3.97483124976881
1.97309517626156 0.372441839233499 -3.98728664954216
1.98599936139315 0.320920662531394 -3.99633124922248
1.99867890201331 0.270202545816488 -4.00211943145066
2.01117066424861 0.22018295401031 -4.00477678204372
2.02350734195811 0.170770400413617 -4.00440487371045
2.03571824285579 0.121884296175156 -4.00108510282509
2.04782995911723 0.0734530668586854 -3.99488170602077
2.05986693394604 0.0254125456114853 -3.98584409578782
2.07185194009067 -0.0222953790384623 -3.97400864184177
2.083806486808 -0.0697238947279827 -3.95940000411471
2.09575117051855 -0.116922212226165 -3.94203210136819
2.10770598255112 -0.163936361372251 -3.92190877971534
2.11969058549598 -0.210809865144027 -3.89902422871413
2.13172456802715 -0.25758431616158 -3.87336317913394
2.14382768670082 -0.304299875226918 -3.84490090562164
2.1560201021922 -0.350995707135308 -3.81360304885897
2.16832261665689 -0.397710364912599 -3.77942526505183
2.18075691832871 -0.444482129619054 -3.74231270554279
2.1933458389996 -0.491349308563682 -3.70219932606167
2.20611362953313 -0.538350489684168 -3.65900702406896
2.21908625783272 -0.585524743228186 -3.61264460480366
2.23229173238329 -0.632911752631563 -3.563006583908
2.24576045205285 -0.680551842986429 -3.50997185018907
2.25952557834383 -0.728485855236626 -3.45340224186775
2.27362341815584 -0.776754783454618 -3.39314114308071
2.28809379075653 -0.825399045625241 -3.3290123001439
2.30298032780951 -0.874457187246307 -3.26081921445282
2.31833061330396 -0.923963711180223 -3.18834573004331
2.33419600127703 -0.973945575236582 -3.11135885498879
2.35063084091547 -1.0244166962715 -3.02961550539989
2.36769068086529 -1.07536956954386 -2.94287578684888
2.3854288265104 -1.12676295705055 -2.85092655188287
2.40389045679699 -1.17850479801088 -2.7536198277234
2.42310358380622 -1.2304306292269 -2.6509299688159
2.44306688862912 -1.28228071488251 -2.54302845307333
2.46373639825661 -1.33368413388518 -2.43036316803842
2.48501591627101 -1.38416315619463 -2.31371116881704
2.50675805198747 -1.43317018248431 -2.19416302640412
2.52878016516893 -1.48015630567487 -2.07301398175886
2.55089195588984 -1.52465035125549 -1.95158493892989
2.57292438308059 -1.5663178073889 -1.83103939732502
2.5947495626409 -1.60498071249139 -1.71226088657574
2.61628757843452 -1.6406010899797 -1.59581478961653
2.63750262092978 -1.6732441335979 -1.4819775420942
2.65839354707305 -1.70303781313044 -1.37079997300508
2.67898327307178 -1.73013897902099 -1.26217663393721
2.69930951838381 -1.75470930063543 -1.15590541740113
2.71941778864067 -1.77690032757329 -1.05173223128711
2.73935654132615 -1.79684544167469 -0.949381421748533
2.75917409522274 -1.81465639205463 -0.848574945562846
2.77891678111811 -1.83042259292296 -0.749043589944361
2.79862790418883 -1.8442119371511 -0.65053300536578
2.81834719713329 -1.85607235214035 -0.552806592343292
2.83811054401612 -1.86603366099353 -0.455646633180288
2.85794983492952 -1.87410953011575 -0.358854558105646
2.87789287122648 -1.88029941540073 -0.262250874434043
2.89796328470919 -1.88459049022609 -0.165675034976601
2.91818046638597 -1.88695956878003 -0.0689853454436857
2.93855952442329 -1.88737504011695 0.0279411138370697
2.95911130800456 -1.88579880984879 0.125208662140446
2.97984254350538 -1.88218821402536 0.222903449113494
3.0007561300876 -1.87649783074485 0.321094314706072
3.0218516317612 -1.8686810785185 0.419834218987134
3.04312598160851 -1.85869146723411 0.519162304330099
3.06457438300327 -1.84648336827217 0.619106533352706
3.08619135681384 -1.83201220209801 0.719686701567003
3.10797184910843 -1.8152340055255 0.820917476673996
3.1299122868251 -1.79610443117035 0.922810989181981
3.15201145239777 -1.77457733872558 1.02537840407881
3.1742710409643 -1.75060325328063 1.12862983692793
3.19669575945527 -1.72412808867963 1.23257192090019
3.2192928171431 -1.69509267247869 1.33720225990839
3.2420706356642 -1.66343377867248 1.44249990927748
3.26503657537751 -1.62908758356711 1.54841095137736
3.28819345562826 -1.59199668098181 1.6548283231076
3.31153469473963 -1.5521219064603 1.76156561714597
3.33503811532061 -1.50945994120987 1.86832613796463
3.35865899023275 -1.46406650497857 1.97467162945702
3.38232381556636 -1.41608238546152 2.07999983771472
3.4059273523457 -1.3657557047103 2.18354469083837
3.42933589244584 -1.31345046937902 2.28441296493901
3.45239840948853 -1.2596321247756 2.38166188552537
3.47496406394414 -1.20482807246607 2.47440394327325
3.49690116824228 -1.14957224189519 2.56190898409859
3.51811176336168 -1.09435028933751 2.64367255611191
3.5385382033241 -1.03956042193639 2.71943524032203
3.55816175653821 -0.985496310581789 2.78915830179606
3.57699581040113 -0.932349632493054 2.85297355301017
3.59507688935124 -0.880225060039896 2.91112635826275
3.61245594498681 -0.829160262652392 2.96392474537806
3.62919122466856 -0.779145632879419 3.01170042356823
3.64534309214653 -0.73014097187317 3.05478232603418
3.66097063464432 -0.682088264621319 3.09348066307002
3.67612967513038 -0.634920756727541 3.12807869533885
3.69087178495282 -0.588569001941871 3.15882964586171
3.70524395454902 -0.542964637763279 3.18595674024111
3.71928866543037 -0.498042560613263 3.20965496427477
3.73304418538324 -0.453742029366861 3.23009362226746
3.74654497078169 -0.410007084441231 3.24741913985455
3.75982210450061 -0.366786551820068 3.26175779835644
3.77290372813397 -0.324033811976255 3.27321824224464
3.78581544674982 -0.281706449628035 3.28189369435048
3.79858069649769 -0.239765856279828 3.28786386623607
3.81122107251843 -0.198176828266472 3.2911965787779
3.82375661857086 -0.156907184160067 3.29194912059131
3.8362060817911 -0.115927413594976 3.29016937591603
3.84858713683192 -0.0752103624388342 3.28589675297903
3.86091658379399 -0.0347309551391274 3.27916294102762
3.87321052417179 0.00553404710099382 3.26999252054341
3.88548451867953 0.0456062546442458 3.25840344734896
3.89775373040514 0.0855058268146774 3.24440742777959
3.91003305632111 0.125251620752992 3.22801019898404
3.92233724978606 0.164861313658756 3.20921172579993
3.93468103630989 0.204351499714097 3.18800632353641
3.94707922452351 0.243737762219996 3.16438271438439
3.95954681397961 0.283034720587748 3.13832402407526
3.97209910109489 0.322256050793266 3.10980772485844
3.98475178419814 0.361414476676282 3.07880553094983
3.99752106823675 0.400521727983644 3.04528325346206
4.01042376916541 0.439588459225956 3.00920062369616
4.02347741732426 0.478624121123415 2.9705110969053
4.03670035811308 0.517636773514723 2.92916165375034
4.05011184684669 0.556632824917357 2.88509262439074
4.06373213264898 0.595616679260021 2.83823757152537
4.07758252335473 0.6345902644584 2.78852328511765
4.09168541930734 0.673552410323361 2.73586996485677
4.10606429825087 0.712498034787918 2.68019169891339
4.12074362574217 0.751417088005749 2.6213973918188
4.13574865521831 0.790293194676997 2.55939235262564
4.15110506887549 0.829101928624464 2.49408082754723
4.16683839543864 0.867808655343105 2.42536984519793
4.18297312597994 0.906365897184718 2.35317482382943
4.19953143958046 0.944710226852042 2.27742743683423
4.21653145733615 0.982758798876221 2.19808618411521
4.2339849831985 1.02040580905884 2.11514987321025
4.25189478600342 1.05751944109468 2.02867364545558
4.27025164768643 1.09394019148834 1.93878618143828
4.28903164143622 1.12948175277131 1.84570532827071
4.30819434641215 1.16393567120696 1.74974798388832
4.32768281468219 1.19708051888553 1.65132945641975
4.34742591433887 1.22869520796116 1.55094866556626
4.36734311278049 1.25857458594879 1.44915886617947
4.38735099906285 1.28654427254388 1.346528098879
4.40737024003204 1.31247156756808 1.24359715497901
4.42733155120622 1.3362703754288 1.1408435270103
4.4471796805478 1.35789989676902 1.03865734271182
4.46687508923628 1.37735843626794 0.93733119083642
4.48639362467713 1.39467446169033 0.837062086652433
4.50572481402849 1.40989698154988 0.737961817207835
4.52486945349868 1.42308672717338 0.640071611123217
4.54383703583475 1.43430892448915 0.543377865154487
4.56264336505268 1.44362787283746 0.447826816090991
4.58130853210728 1.4511031949131 0.353337098872805
4.59985529982342 1.45678745951235 0.259809886412285
4.61830787129465 1.46072484470283 0.167136754462128
4.63669098107101 1.46295054375063 0.0752056274435225
4.65502923855674 1.46349067771686 -0.0160947765064929
4.67334665654479 1.46236254315685 -0.10687160178661
4.6916663069339 1.45957507993419 -0.19722526686955
4.71001005583798 1.45512948970309 -0.287247346258589
4.7283983392165 1.44901997092274 -0.377018693437693
4.74684994696126 1.44123456366216 -0.466607620338782
4.76538178805675 1.4317561194182 -0.556067983594324
4.78400861249718 1.42056342964282 -0.645437055746686
4.80274266798791 1.40763256260328 -0.734733086137546
4.82159327235221 1.39293847113839 -0.823952488720651
4.84056628769517 1.37645694154741 -0.913066641566228
4.85966349186109 1.3581669516753 -1.0020183556089
4.87888185893392 1.33805348710819 -1.09071817801494
4.89821278553703 1.31611081909969 -1.17904084383511
4.91764133405698 1.29234616736367 -1.26682237252453
4.9371456048142 1.26678355104536 -1.35385849683565
4.95669638823269 1.23946748037547 -1.43990525452943
4.97625727018672 1.2104659889272 -1.52468258339192
4.995785349576 1.17987240530972 -1.60788154406164
5.01523266077476 1.14780528053378 -1.6891752987509
5.03454827399526 1.114406075081 -1.76823324128122
5.05368089751214 1.07983456595286 -1.84473688142553
5.07258167324189 1.04426237906999 -1.91839550455009
5.09120679166938 1.00786544703599 -1.98895950177627
5.10951958195541 0.970816398789748 -2.05622968144707
5.12749184831245 0.933277839616838 -2.1200616955173
5.14510438159729 0.895397212919039 -2.18036565846628
5.16234672293543 0.85730355960294 -2.23710180893137
5.17921635584721 0.819106131824903 -2.29027349170848
5.19571754230806 0.780894561585653 -2.33991880319788
5.21186000608121 0.742740159857156 -2.38610204355394
5.22765762386995 0.704697910515449 -2.42890578972985
5.24312723164382 0.666808785161134 -2.46842406153959
5.25828760418722 0.629102098996666 -2.5047567685572
5.27315862764987 0.591597724124542 -2.53800542588826
5.28776065925376 0.554308058050252 -2.56827000853897
5.30211405375473 0.517239705681736 -2.59564675983586
5.31623882994956 0.480394873275392 -2.62022675838503
5.3301544496154 0.443772496317552 -2.64209506234288
5.34387968344862 0.407369134798678 -2.66133027601724
5.35743254218867 0.371179672859768 -2.67800441344923
5.37083025512225 0.335197858588574 -2.69218296177422
5.38408928197167 0.299416716092125 -2.70392507152617
5.39722534749643 0.2638288573477 -2.71328382091268
5.41025349088604 0.228426716615612 -2.72030651660396
5.4231881242085 0.193202725853365 -2.72503500530632
5.43604309586725 0.158149445810008 -2.72750597901897
5.44883175629283 0.123259664354963 -2.72775126307516
5.46156702403567 0.0885264710771539 -2.72579808043133
5.47426145110778 0.0539433152087134 -2.72166928867487
5.48692728690402 0.019504052401738 -2.71538358825052
5.4995765403682 -0.0147970152628505 -2.70695570174967
5.51222104029196 -0.0489651024982998 -2.69639652498349
5.52487249377413 -0.0830049043258637 -2.68371325113478
5.53754254294425 -0.116920557331765 -2.66890946967597
5.55024282008035 -0.150715596346259 -2.65198524204804
5.56298500123475 -0.184392904309116 -2.63293715639196
5.57578085842685 -0.21795465304666 -2.61175836397779
5.58864231036671 -0.251402232531475 -2.5884386004506
5.60158147153324 -0.284736165930898 -2.56296419567428
5.61461069923572 -0.317956007373639 -2.53531807688275
5.62774263802351 -0.351060218871257 -2.50547977113643
5.64099026045574 -0.384046022217366 -2.47342541484952
5.65436690277469 -0.416909220948172 -2.43912778054601
5.66788629340844 -0.449643986584877 -2.40255633420536
5.68156257141975 -0.482242602405713 -2.36367734079532
5.69541029096749 -0.51469515695088 -2.32245404112509
5.70944440649902 -0.546989178426284 -2.27884693027939
5.72368023169099 -0.579109200288496 -2.23281417690585
5.7381333630578 -0.611036247817296 -2.1843122337421
5.752819556647 -0.64274723582979 -2.1332967030052
5.76775454341182 -0.674214269513743 -2.07972353520754
5.78295376592008 -0.705403844632901 -2.02355065538348
5.79843201650831 -0.736275951463508 -1.96474012399368
5.81420295571147 -0.766783100570184 -1.90326094612351
5.83027849125553 -0.796869310036141 -1.83909263411615
5.84666800426554 -0.826469124994211 -1.77222959376394
5.86337742344291 -0.855506782056276 -1.70268632732402
5.88040817279994 -0.883895681307381 -1.63050331159812
5.89775605601452 -0.911538379109728 -1.55575320549655
5.91541018912984 -0.938327350007402 -1.47854677618296
5.93335214541229 -0.964146760655124 -1.39903764737651
5.9515555154835 -0.988875423979727 -1.31742475506056
5.96998608923309 -1.01239093778439 -1.23395137077964
5.98860281149516 -1.03457476736974 -1.14889984292106
6.00735954415884 -1.05531775933144 -1.06258185384781
6.02620750429145 -1.0745253653328 -0.975324886080278
6.04509808981209 -1.09212180528955 -0.887456469940288
6.06398570872764 -1.10805255438097 -0.799288331095332
6.08283023142703 -1.12228485934336 -0.711102561132052
6.10159878360342 -1.13480636858676 -0.623141411942911
6.12026674890706 -1.14562227515167 -0.535601484801534
6.13881800153363 -1.15475154190922 -0.448632243768941
6.15724449869328 -1.1622227929568 -0.362338160949885
6.1755454157384 -1.16807035538131 -0.276783490622101
6.1937260094328 -1.17233078288214 -0.191998638369862
6.21179636550311 -1.17504003987011 -0.107987242862211
6.22977014404703 -1.1762314025704 -0.0247333179470872
6.24766339427533 -1.17593405238524 0.0577919657257552
6.26549347571701 -1.17417229265082 0.139624089322219
6.28327809864899 -1.17096530330668 0.220799677854208
6.30103448140353 -1.16632734852987 0.3013516837061
6.31877861445919 -1.16026836153988 0.381305226147093
6.33652461884709 -1.15279484246157 0.460674038193059
6.35428418781314 -1.14391101533127 0.539457480220687
6.37206610474517 -1.13362019651995 0.617638101848776
6.38987583629841 -1.12192632750466 0.69517976418717
6.40771520671274 -1.10883561934166 0.772026368362303
6.42558216664137 -1.09435824459728 0.8481012673055
6.44347067620961 -1.07850999631582 0.92330745891139
6.4613707259528 -1.06131381584946 0.997528661610713
6.47926851901141 -1.04280107670185 1.07063135029482
6.49714683198853 -1.02301250581011 1.14246777637299
6.51498555952833 -1.00199863278033 1.21287991147052
6.5327624297386 -0.979819685471467 1.28170414925044
6.55045385662247 -0.956544897014772 1.3487764921739
6.56803587579389 -0.932251249617326 1.41393786345064
6.58548509556673 -0.907021744194941 1.47703914195065
6.60277959080097 -0.880943339371115 1.53794553398506
6.61989967323864 -0.854104737264519 1.59653997101721
6.63682848825183 -0.826594200224232 1.65272534192384
6.65355241035152 -0.798497562488222 1.70642550735478
6.67006123370092 -0.769896560097696 1.7575851745808
6.68634817479115 -0.740867551427432 1.80616881204309
6.70240971936295 -0.711480649877199 1.85215884207219
6.71824535347603 -0.681799247747428 1.89555336740413
6.73385721988567 -0.651879880544535 1.93636366997575
6.74924973718703 -0.621772364763944 1.97461168093476
6.76442921250602 -0.591520137785287 2.01032757099131
6.77940347066604 -0.561160732732954 2.04354755997954
6.79418151510742 -0.530726330604344 2.07431200023613
6.80877322921894 -0.500244343713494 2.10266375333284
6.82318912153608 -0.469737996392905 2.12864685450901
6.83744011451147 -0.439226879610516 2.1523054429359
6.85153737411251 -0.4087274650405 2.17368292702197
6.86549217609941 -0.378253571008827 2.19282135045355
6.8793158042166 -0.347816777748059 2.20976092482269
6.89301947544878 -0.317426792821494 2.22453969710403
6.90661428775147 -0.287091769743901 2.2371933238383
6.92011118611542 -0.256818584051794 2.24775492792201
6.93352094335735 -0.226613071634449 2.25625501791619
6.94685415257778 -0.196480234247965 2.26272145349722
6.96012122874594 -0.166424416966236 2.26717944394562
6.97333241734015 -0.136449461996238 2.26965156936128
6.98649780837821 -0.106558842885073 2.2701578166188
6.99962735451594 -0.0767557827286775 2.26871562397964
7.0127308921746 -0.0470433595922445 2.26533992981426
7.02581816488648 -0.0174246019908702 2.26004322212095
7.03889884822693 0.0120974230334778 2.25283558651664
7.05198257583874 0.0415195269612751 2.24372475117421
7.06507896615398 0.0708383198979038 2.23271612783887
7.07819764948582 0.100050131807283 2.21981284861748
7.09134829519963 0.129150933055039 2.20501579873808
7.10454063868143 0.15813625249178 2.18832364595825
7.11778450780272 0.187001091313709 2.16973286779608
7.13108984853213 0.215739830901399 2.14923777830005
7.1444667492637 0.244346132760785 2.12683055670212
7.15792546331453 0.272812828576215 2.10250128105143
7.17147642888344 0.301131798238105 2.07623797085016
7.18513028555046 0.329293833533763 2.04802664386103
7.19889788612141 0.35728848499961 2.01785139368732
7.21279030227216 0.385103889242806 1.98569449650985
7.22681882200678 0.412726573876047 1.95153655757534
7.240994936399 0.440141237111037 1.91535671074349
7.25533031242229 0.467330499084235 1.877132887685
7.26983674788136 0.494274622232125 1.83684217722299
7.28452610353928 0.520951198621109 1.79446129981489
7.29941020651089 0.547334803249897 1.74996722716303
7.31450071792546 0.573396614225724 1.70333798212592
7.3298089568652 0.599104003690522 1.6545536588894
7.34534567186919 0.624420107834551 1.6035977067253
7.36112075118543 0.649303390728184 1.55045852096382
7.37714286395436 0.673707225454105 1.49513137957746
7.39341902729852 0.697579527395946 1.43762074962677
7.40995409972739 0.720862488383724 1.3779429605218
7.42675021024912 0.74349247576009 1.31612919608704
7.4438061458071 0.765400175071049 1.25222869127851
7.46111673713159 0.786511064993483 1.18631193196046
7.47867230345606 0.806746312365123 1.11847355400205
7.49645823636634 0.826024156586303 1.04883453796759
7.51445481651353 0.844261809727048 0.977543226711595
7.53263735649423 0.861377829074895 0.904774692972906
7.55097674181975 0.877294828579189 0.830728088478576
7.5694403965053 0.891942301613313 0.75562183152313
7.58799363491331 0.905259255804383 0.67968681537831
7.60660129034077 0.917196338881034 0.60315817986618
7.62522945238824 0.9277171796273 0.52626648795726
7.64384711705082 0.936798776778415 0.449229298087694
7.66242756457309 0.944430915858655 0.372244073903927
7.68094932663738 0.95061474154416 0.295483142674916
7.69939667215541 0.955360725293978 0.219091072037776
7.71775961156428 0.958686323683112 0.143184474388865
7.73603347778721 0.960613620235422 0.067853948063043
7.75421817957483 0.96116719587402 -0.0068323312852675
7.77231723868833 0.960372400498376 -0.0808239397125177
7.79033672019994 0.958254119876645 -0.154083016233145
7.80828415107276 0.954836061831455 -0.226579046917334
7.82616750208828 0.950140530918486 -0.29828400952819
7.84399428683752 0.944188623331276 -0.369168156038817
7.86177081201196 0.937000751948631 -0.439196608681015
7.87950159724479 0.92859740192078 -0.508326860326182
7.89718897065391 0.919000016357515 -0.576507203891997
7.91483283755646 0.908231916573006 -0.643676065810982
7.93243061361623 0.896319170041953 -0.709762181028023
7.94997730890478 0.883291330840464 -0.774685517002624
7.96746574516486 0.869181991690893 -0.838358828571767
7.9848868845264 0.854029103819339 -0.900689703182607
8.00223024408215 0.83787504039854 -0.961582938004892
8.01948436752769 0.820766400490001 -1.02094307939696
8.03663732317237 0.802753571510111 -1.07867695416378
8.05367719766755 0.783890087223347 -1.13469603320138
8.07059255714661 0.764231832958869 -1.18891849179642
8.08737285207926 0.743836158477678 -1.24127086507627
8.10400874853109 0.722760960908781 -1.29168923790251
8.12049237587753 0.701063795728712 -1.34011995075221
8.13681748841095 0.678801064156252 -1.38651984173203
8.1529795448337 0.656027312480956 -1.4308560757754
8.16897571472663 0.632794664831958 -1.47310563295051
8.18480482441183 0.609152397586472 -1.51325453817977
8.20046725619363 0.585146652374916 -1.55129691562956
8.21596481500097 0.56082027620974 -1.58723394467606
8.2313005753436 0.536212771827681 -1.62107278320153
8.24647871965147 0.511360338638325 -1.65282551044366
8.26150437687293 0.486295984203578 -1.68250812769834
8.27638346797003 0.461049687318671 -1.7101396422822
8.29112256287958 0.435648595928799 -1.73574124914111
8.3057287517331 0.410117245789282 -1.75933561570768
8.32020953169793 0.384477788575306 -1.78094626907241
8.33457270971732 0.358750220807033 -1.80059708002463
8.34882632065662 0.332952607321102 -1.81831183570901
8.3629785598568 0.307101295017605 -1.83411389116653
8.37703772880189 0.281211114228405 -1.84802588953627
8.39101219247127 0.255295566311279 -1.86006954088562
8.4049103469259 0.229366997018226 -1.87026545026485
8.41874059573193 0.203436755866932 -1.8786329864612
8.4325113339264 0.177515342213929 -1.88519018392133
8.44623093835626 0.15161253903407 -1.8899536713258
8.45990776335753 0.125737535595046 -1.89293862127599
8.47355014087585 0.0998990403119175 -1.89415871645818
8.48716638425616 0.074105385102424 -1.89362612846489
8.50076479504298 0.0483646225604302 -1.89135150617649
8.5143536722324 0.022684617238349 -1.88734397124036
8.5279413235008 -0.00292686770833062 -1.88161111873977
8.54153607800345 -0.0284620873015754 -1.87415902163296
8.55514630038884 -0.0539132337703328 -1.86499223797743
8.56878040571136 -0.0792723566820631 -1.85411382035089
8.58244687494658 -0.104531283047927 -1.84152532725308
8.59615427081869 -0.129681536279821 -1.82722683663819
8.60991125363863 -0.154714252871119 -1.81121696210185
8.62372659682179 -0.179620095653806 -1.79349287264739
8.63760920170474 -0.204389162453457 -1.77405031740246
8.65156811120751 -0.229010888922022 -1.7528836571701
8.66561252178795 -0.253473944279705 -1.72998590530247
8.67975179300285 -0.27776611864614 -1.70534878110691
8.69399545382072 -0.301874200594961 -1.67896277986416
8.70835320461606 -0.325783843535566 -1.65081726459133
8.72283491350716 -0.349479419527299 -1.62090058595426
8.73745060536967 -0.372943859187195 -1.58920023826273
8.7522104414589 -0.396158476495168 -1.55570306130308
8.76712468709792 -0.419102777575067 -1.52039549989921
8.78220366433461 -0.4417542529981 -1.48326393554878
8.7974576858448 -0.464088153899534 -1.44429510721731
8.81289696568258 -0.486077253328702 -1.40347664128205
8.82853150179876 -0.507691595903349 -1.36079771347957
8.84437092464739 -0.528898241177726 -1.31624986813634
8.86042430581856 -0.54966100934557 -1.26982802131125
8.87669992068758 -0.569940242168445 -1.22153167377832
8.89320495986868 -0.589692597483905 -1.17136635562155
8.90994518622863 -0.608870902315298 -1.1193453147203
8.92692453787429 -0.627424097227895 -1.06549144425738
8.94414468344562 -0.645297312469964 -1.00983941710474
8.96160454469575 -0.662432123266075 -0.952437955500885
8.97929981285481 -0.678767035214957 -0.893352112361996
8.99722249907404 -0.694238248025052 -0.832665378609345
9.0153605736004 -0.708780733165938 -0.770481366931983
9.03369776002215 -0.722329635107635 -0.706924770933197
9.05221355530996 -0.734821965240094 -0.642141280398472
9.07088353821736 -0.746198504811761 -0.57629617177344
9.08968000384058 -0.75640577639705 -0.509571405694465
9.10857292032962 -0.76539789621147 -0.442161252090591
9.12753115013502 -0.773138098524417 -0.374266703960525
9.14652382397715 -0.779599741995705 -0.306089182804536
9.16552171556417 -0.784766669879351 -0.237824216248334
9.18449845205113 -0.78863289184757 -0.169655823455636
9.20343141556424 -0.791201662515196 -0.10175224963467
9.22230224119598 -0.792484123291785 -0.0342634649644365
9.24109688419475 -0.792497727385185 0.0326794570915966
9.25980529669505 -0.791264672567918 0.0989632656730737
9.27842080678936 -0.788810527421081 0.164490174551756
9.29693932071997 -0.7851631700829 0.229174750479151
9.3153584711316 -0.780352084074082 0.29294058200849
9.33367681601865 -0.774407990778116 0.355717177723095
9.35189316301865 -0.767362752914261 0.417437407868154
9.37000606083729 -0.759249460596901 0.478035657482908
9.38801347030769 -0.750102608458236 0.537446730412935
9.40591260528951 -0.73995828317063 0.595605446665623
9.42369991908889 -0.728854299492773 0.652446813727745
9.4413712044853 -0.716830244622538 0.707906621896985
9.45892177324227 -0.703927411568772 0.761922307529928
9.47634668254461 -0.690188620223752 0.814433939112441
9.49364097976291 -0.675657938670338 0.865385202832435
9.5107999422232 -0.660380326609389 0.914724291747316
9.52781929445506 -0.644401227803245 0.962404631740062
9.54469539111696 -0.627766139635237 1.00838540530889
9.56142535903276 -0.610520186059698 1.05263185876415
9.57800719623451 -0.592707716258071 1.09511539831913
9.59443982943372 -0.574371946127022 1.13581349526839
9.6107231338891 -0.555554654115652 1.17470942996748
9.62685792124623 -0.536295937552855 1.21179190915274
9.64284590170993 -0.516634030918933 1.24705459208309
9.65868962703068 -0.496605183777402 1.28049555900885
9.67439242041666 -0.476243593381138 1.31211675155227
9.68995829879175 -0.45558138525752 1.34192340959587
9.70539189195462 -0.434648634229878 1.36992352393317
9.72069836227333 -0.413473418173156 1.39612731876814
9.73588332765857 -0.392081897145565 1.42054677349962
9.75095278975355 -0.370498411213404 1.44319518928307
9.765913068589 -0.348745591147747 1.46408680269038
9.7807707443897 -0.326844477105822 1.48323644636875
9.79553260678038 -0.304814641334672 1.50065925485875
9.81020561131379 -0.282674311796311 1.51637041256773
9.82479684301534 -0.260440494381086 1.53038494019867
9.83931348649025 -0.238129092035508 1.54271751559928
9.85376280205322 -0.215755019680946 1.55338232492911
9.8681521073027 -0.193332314246509 1.56239294016147
9.88248876355783 -0.170874239493889 1.56976221918088
9.89678016659617 -0.14839338558688 1.57550222505323
9.911033741165 -0.125901763566778 1.579624161401
9.92525693878279 -0.103410895049722 1.58213832118183
9.93945723839395 -0.0809318975744737 1.58305404652982
9.95364214948745 -0.0584755661092076 1.58237969766381
9.96781921733396 -0.0360524512819004 1.58012262919112
9.98199603003667 -0.0136729349378292 1.57628917243611
9.99618022712528 0.00865269634483567 1.57088462270291
10 0.014649938167039 1.56916275998274
