0 1 0
0.0626100754197138 0.998039989227969 -0.0626100754197138
0.122364334490146 0.992516984001671 -0.122135438623958
0.180400223686484 0.983757265015515 -0.179531358212661
0.237387304097332 0.971928907764824 -0.235301296082325
0.29372851517631 0.957129135226272 -0.289687485603819
0.349669770783625 0.93942602206666 -0.342777213710315
0.40536248827387 0.918878928661706 -0.394564809354993
0.460900421838804 0.89554849089395 -0.444988936155972
0.516341825552617 0.869501333887134 -0.49395550938148
0.571722975037778 0.840812098507966 -0.541351994244569
0.627066490683148 0.809564112270586 -0.587056436982905
0.682386490013316 0.775849395102051 -0.630943238041678
0.737691788600461 0.73976835494831 -0.672886895010327
0.792987893106805 0.701429351132455 -0.712764473882381
0.848278244001209 0.66094821047115 -0.750457280173924
0.903564991112464 0.618447733388712 -0.785852023720705
0.958849477903782 0.574057203628691 -0.818841660233262
1.01413254397042 0.527911904222539 -0.849326023485139
1.06941471403297 0.480152637930965 -0.877212318739501
1.12469631603185 0.430925249098197 -0.90241552099406
1.17997755492621 0.380380144007073 -0.924858704782257
1.23525855881422 0.328671807509849 -0.944473321807103
1.29053940775688 0.275958314513494 -0.961199436213973
1.34582015179221 0.222400835636618 -0.974985923330744
1.40110082219399 0.168163136965525 -0.985790635277936
1.45638143850839 0.113411074312106 -0.993580535390183
1.51166201295179 0.0583120827323852 -0.998331802526476
1.56694255315948 0.00303466232380491 -1.00002990585186
1.62222306390353 -0.0522521384962174 -0.998669650405827
1.67750354816653 -0.107379240899922 -0.994255193644711
1.73278400781262 -0.162178053330239 -0.986800033102773
1.78806444400691 -0.216480987481046 -0.976326965325772
1.84334485747761 -0.270121971071969 -0.96286801627128
1.89862524867987 -0.322936955897629 -0.946464343428875
1.95390561789821 -0.37476441962903 -0.927166109983111
2.00918596531044 -0.425445859852871 -0.905032331417688
2.06446629102773 -0.474826278851119 -0.880130695037764
2.11974659511957 -0.522754657646784 -0.852537352966791
2.17502687762944 -0.569084417871641 -0.822336689253435
2.23030713858449 -0.613673870046913 -0.7896210618022
2.28558737800176 -0.656386646908209 -0.754490519917768
2.34086759589188 -0.697092120450954 -0.717052498327276
2.39614779226153 -0.73566580142182 -0.677421488616514
2.45142796711491 -0.771989720035006 -0.635718689084991
2.50670812045465 -0.805952786749455 -0.592071634090768
2.56198825228244 -0.837451132003922 -0.54661380401866
2.61726836259933 -0.866388423871087 -0.499484217064629
2.67254845140601 -0.89267616265939 -0.450827004084835
2.72782851870293 -0.916233951561723 -0.400790967809552
2.78310856449039 -0.936989742523364 -0.349529127770017
2.8383885887686 -0.954880056577299 -0.297198252329927
2.89366859153771 -0.96985017797316 -0.243958379252766
2.94894857279783 -0.981854321506158 -0.189972326271179
3.00422853254907 -0.990855772534335 -0.135405193155201
3.05950847079148 -0.996826999255995 -0.0804238568021239
3.11478838752515 -0.99974973690399 -0.0251964608921437
3.17006828275014 -0.99961504359945 0.0301080983294782
3.2253481564665 -0.996423327694196 0.0853206885711414
3.2806280086743 -0.990184346518257 0.140272458734906
3.33590783937359 -0.980917176536412 0.194795355295943
3.39118764856443 -0.968650155005035 0.248722636242242
3.44646743624687 -0.953420793307771 0.301889381002874
3.50174720242097 -0.93527566223509 0.354132994805337
3.55702694708679 -0.914270249558644 0.405293705919597
3.61230667024437 -0.890468790336023 0.455215054268161
3.66758637189377 -0.863944070464934 0.503744369907954
3.72286605203505 -0.834777204087615 0.550733239920725
3.77814571066826 -0.803057385526272 0.596037962284176
3.83342534779345 -0.76888161650822 0.639519985335829
3.88870496341069 -0.732354409514956 0.681046331485691
3.94398455752002 -0.69358746816243 0.720490003881976
3.99926413012149 -0.652699345590007 0.757730374786253
4.05454368121517 -0.609815081902858 0.792653554470354
4.10982321080111 -0.565065821776587 0.825152739506922
4.16510271887936 -0.518588413393564 0.855128539388521
4.22038220544998 -0.470524989937499 0.882489280476484
4.27566167051301 -0.421022534926166 0.907151286350042
4.33094111406852 -0.370232432711567 0.929039133698407
4.38622053611656 -0.318310005522218 0.948085882973318
4.44149993665719 -0.265414038463372 0.964233283096716
4.49677931569045 -0.211706293927811 0.977431949597583
4.5520586732164 -0.157351016902247 0.987641515633228
4.6073380092351 -0.10251443268217 0.99483075543322
4.66261732374661 -0.0473642385312384 0.998977679788521
4.71789661675096 0.00793090916022361 1.00006960329386
4.77317588824823 0.0632019106492609 0.998103183137738
4.82845513823847 0.11827973996955 0.993084429321552
4.88373436672172 0.17299596183444 0.985028686276571
4.93901357369804 0.227183246733014 0.973960585935092
4.99429275916749 0.280675882643951 0.959913972399322
5.04957192313013 0.333310281802309 0.942931798438422
5.104851065586 0.384925480969493 0.923065994130278
5.16013018653516 0.435363633676519 0.900377308049781
5.21540928597767 0.484470492935282 0.874935121489321
5.27068836391357 0.532095882941633 0.846817236279686
5.32596742034293 0.578094158327782 0.816109636860283
5.3812464552658 0.622324649559615 0.782906227326351
5.43652546868223 0.664652093116857 0.747308544257338
5.49180446059228 0.704947045140604 0.709425446204712
5.547083430996 0.743086277283255 0.669372780788802
5.60236237989344 0.778953153550357 0.62727303042279
5.65764130728467 0.812437986981954 0.583254937747277
5.71292021316973 0.843438375082739 0.537453111920945
5.76819909754868 0.871859512975261 0.490007616971334
5.82347796042157 0.897614483318587 0.44106354346463
5.87875680178846 0.920624522105858 0.390770564804377
5.9340356216494 0.940819259527973 0.339282479516002
5.98931442000445 0.95813693516685 0.286756740916933
6.04459319685366 0.972524586860249 0.233353975610612
6.09987195219709 0.983938212660643 0.179237492276937
6.15515068603478 0.992342905392898 0.12457278226128
6.2104293983668 0.99771295939934 0.0695270134893482
6.2657080891932 1.00003194914583 0.0142685192555407
6.28318530717959 1.00012859171345 -0.00321143629510065
